"    12        32 4  56   6   34     ",
"    12        34 1 5    4  2  3     ",
"    12       3 4    53  4    32     ",
"    12     3   4    1   5    4 63   ",
"    12     3  1  4 52   5  24  2    ",
"    12     3  1 24 5     42   5     ",
"    12     3  12   3     42 5 3    4",
"    12     3  145  45    12   4     ",
"    12     3  2 3  45   42  5   1   ",
"    12     3  24   1  3 2 5   1     ",
"    12     3  24   3    3    55   2 ",
"    12     3  3  4 2     453  2  5  ",
"    12     3  324  1 3  3  5  4     ",
"    12     3  34    1    4 3   5    ",
"    12     3  34   4  2 3 5   2     ",
"    12     3  34 1  5   13     5    ",
"    12     3  4 2   54  46     2    ",
"    12     3  41    5 2  4 5   1    ",
"    12     3  42 5  6    2  544     ",
"    12     3  42 5 254  6      3    ",
"    12     3  423  5    3  1  4     ",
"    12     3  45    1 2 52     4    ",
"    12     3  45    32  3 2  4 1    ",
"    12     3  45   1     3  6   5   ",
"    12     3  45   51    4 2 52     ",
"    12     3  45   51   1    56     ",
"    12     3  45   52   2   6  3    ",
"    12     3  45   53    4  2 2 1   ",
"    12     3 1  2   45  2 5   4     ",
"    12     3 1 2    45  42      5   ",
"    12     3 3  4   2 5 3 5    1    ",
"    12     3 324    4  1 4  3  25   ",
"    12     3 345    2    6  342     ",
"    12     3 4 3    2   5  4    1   ",
"    12     3 4 5    52   52 4 1     ",
"    12     3 423    34  1    53    4",
"    12     3 452    3  16      1    ",
"    12    34   2    4    23  5 1    ",
"    12    34   3   15     6  54 1   ",
"    12    34  2  3 15   23     5    ",
"    12    34  2  5   3   6   351    ",
"    12    34  32   21       254     ",
"    12    34  34    53  61     5    ",
"    12    34  4  5 12   2   5 14    ",
"    12    34  43    1  551  4  3  5 ",
"    12    34  52   2    4   616 1   ",
"    12    34  52   3    1 3  52     ",
"    12    34 1   3  4   2 5  1  6   ",
"    12    34 1 3    42  5 3   16    ",
"    12    34 2   5  6   2 3  15     ",
"    12    34 243    14  14     53   ",
"    12    34 3   5  14  3 4  15     ",
"    12    34 4   3  51  5 2   1 4   ",
"    12   3    12 4 25       231     ",
"    12   3    2  1 45    1  6 6     ",
"    12   3    2  4 41   1  56 3     ",
"    12   3    24 5 45   2   3   1   ",
"    12   3    4  3 2  4 3    51     ",
"    12   3    4 5   1  4     1 32   ",
"    12   3    4 56 61  3 23   1     ",
"    12   3   14  3     52  5    1   ",
"    12   3   21     3     4 235     ",
"    12   3   41     5    32 4      1",
"    12   3   43  1  5    5  6 2     ",
"    12   3 4  1 43 53   3  1  1 2   ",
"    12   3 4  14   2 1  3 4    5    ",
"    12   3 4  142  54 3 12    5     ",
"    12   3 4  2 35 34    4 1  2 6   ",
"    12   3 4  32   5      2 354     ",
"    12   3 4  342  24 3 3  1 515    ",
"    12   3 4  4 5   56  13     4    ",
"    12   3 4 12     5   2    153    ",
"    12   3 4 24         4 5 3 3     ",
"    12   3 4 5 1    1 6  14   3     ",
"    12   3 4 5 2    4  11 2    6    ",
"    12   3 4 526    3 2 63    5     ",
"    12  1    3   415       42 5     ",
"    12  1    3 4 1 5       2  4 5   ",
"    12  1    3 4 5 543       4 23   ",
"    12  1  3    4  5    1 2  5 3    ",
"    12  1  3   2 4 25    5  4 13    ",
"    12  1  3   34  5    32      4   ",
"    12  1  3   4   56   3   6   2   ",
"    12  1  3   4 5 6    2   5 5 3   ",
"    12  1  3  42 5 2 1  35    4     ",
"    12  1  3  43   2      3  54     ",
"    12  1  3 1 4 5  21  3 6         ",
"    12  1  3 1 4 5  31  2 6         ",
"    12  1  3 2   4 4 3  5 3     2   ",
"    12  1  3 2 34 14 2  3    44  5  ",
"    12  1  3 3   4    5 2 4     5   ",
"    12  1  3 3  4 5       43   25   ",
"    12  1  3 3 45  5 3  5    42 4   ",
"    12  1  3 3 45 15    3    4 2    ",
"    12  1  3 4   1  52   3    4     ",
"    12  1  3 4  3 5  4  3 2         ",
"    12  1  3 4  5  5 3  6  4  5 4   ",
"    12  1  3 4  5  53     642 4     ",
"    12  1  3 4 1   3    5    43   6 ",
"    12  1  3 4 5     2  1   243     ",
"    12  1  3 4 5   15   6    5    4 ",
"    12  13      34 35   3  1   2    ",
"    12  2    3   4 4 5    16  3     ",
"    12  2   3  4   4   52   3   4 5 ",
"    12  2  3    3  45     4 5 2     ",
"    12  2  3   4   15     4   2     ",
"    12  2  3   4 1 43   4   2 5  3  ",
"    12  2  3   4 5 6    1   5 5 3   ",
"    12  2  3   4 53      13   4     ",
"    12  2  3   42  4  5   4  51 3   ",
"    12  2  3   43  1        5 3 6   ",
"    12  2  3   43  3    4    512    ",
"    12  2  3  34    52  54     3    ",
"    12  2  3  4 5  6    15          ",
"    12  2  3  413  15   45  21   4  ",
"    12  2  3  45   53    4 1  2     ",
"    12  2  3 1  3  4      3  4 5    ",
"    12  2  3 1 34 3  2     5 45 3   ",
"    12  2  3 1 4    4   5 3 2     5 ",
"    12  2  3 2 43 4  2    4  55 3   ",
"    12  2  3 3 4  25     13  6      ",
"    12  2  3 342    5      5 125    ",
"    12  2  3 4   13  2    3 5 5 1   ",
"    12  2  3 4  3   54  4   5 1     ",
"    12  2  3 4 2   1 5  5   4  34   ",
"    12  2  3 4 3 53  4    4 5 1  2  ",
"    12  2  3 4 5   3    1 3   5     ",
"    12  23       4 5      4 6 3   2 ",
"    12  23       453       24  46   ",
"    12  23   4   3 1      3 4    5  ",
"    12  23  43   5     135 1      5 ",
"    12  23  45   1 2     1  5 3     ",
"    12  3        4 25    4 6  6   3 ",
"    12  3        456    2  5    5 3 ",
"    12  3       4564    3  1   2    ",
"    12  3      1 4  5    3 2  2    1",
"    12  3      1 443    2   5  5 6  ",
"    12  3      2 4 5    2    3 1   5",
"    12  3      2 4 52    3 6  1   4 ",
"    12  3      4   5    1    6  6  5",
"    12  3      4 131   5    5  62   ",
"    12  3      4 5  6   1   4  4 2  ",
"    12  3      4 5 45   1   3    2  ",
"    12  3      4 5 46    1 2  3     ",
"    12  3      4 5 521  2   5   4  1",
"    12  3      4 5 542   1  2 3     ",
"    12  3      4 5 56   3  2    1   ",
"    12  3      4 5 64      1  42    ",
"    12  3      4 5 65   3  1   2    ",
"    12  3      4 545      1 2 3     ",
"    12  3      4 565    2   3   1   ",
"    12  3     14 5 4    5  2      3 ",
"    12  3     14 5 64    3  2    1  ",
"    12  3     24 5 46   2   5 6  1  ",
"    12  3     41 5 2       6  14    ",
"    12  3     45   6     2   13     ",
"    12  3    1   4 4 5      632     ",
"    12  3    1  45 56    3 2    1   ",
"    12  3    1 4   5 2   3   54   2 ",
"    12  3    1 4 5 4        2 4     ",
"    12  3    2   4  56  1    3 6    ",
"    12  3    2 1 45     1   3    2  ",
"    12  3    214    4  5   65 4     ",
"    12  3    245     1   4   15     ",
"    12  3    3 2 45  1   25 4      1",
"    12  3    3 4 15       1  6    4 ",
"    12  3    4   3 1 5  5   4      5",
"    12  3    4   5 2    5    4   2  ",
"    12  3    4   5 36    2  4      3",
"    12  3    4 1 51     6  4    5 6 ",
"    12  3    4 2     5    2  43     ",
"    12  3    4 2   3        415     ",
"    12  3    4 2 52       5  1 1  4 ",
"    12  3    4 5    5  1   24 6     ",
"    12  3    4 5 6 6    1   6   5  1",
"    12  3    412       52  6  4     ",
"    12  3    415   5 1  2    5    4 ",
"    12  3   24  5  3   6 5 2     6  ",
"    12  3   3  4       5  6 5 4     ",
"    12  3   3  4   1   56   4 4  2  ",
"    12  3   4  1   1   52   4  3    ",
"    12  3   4  5       6  4 2  1    ",
"    12  3   4  5   1   62   5 6     ",
"    12  3   45   3 3   1  4 3    4  ",
"    12  3   45   6   1  2   5  6 4  ",
"    12  3  4     1 52   5  24 3     ",
"    12  3  4     3 54      24 1     ",
"    12  3  4     5 1    6   3 53    ",
"    12  3  4     5 14   3  4 1 5   6",
"    12  3  4     5 46   4  2  1   4 ",
"    12  3  4     5 6    1   2 5     ",
"    12  3  4     5 61   32   1  5   ",
"    12  3  4     5 62   41  2    1  ",
"    12  3  4    2 52    6 1  5     1",
"    12  3  4    3  15     2  5 41   ",
"    12  3  4    3 5       4  52 1   ",
"    12  3  4    35 36    21  3      ",
"    12  3  4    4 15    4    5 2  3 ",
"    12  3  4    45 56 2 1 2   6     ",
"    12  3  4   1   25    42 3 5     ",
"    12  3  4   1   5    4   2 3 5   ",
"    12  3  4   1  15      4  16   3 ",
"    12  3  4   1 35       2  14   3 ",
"    12  3  4   1 35     4   35  2   ",
"    12  3  4   1 56     1   3 4     ",
"    12  3  4   2   15   4    5 3 4  ",
"    12  3  4   2  45     14  63     ",
"    12  3  4   2  56    2    3 35   ",
"    12  3  4   2 1 52    2   56     ",
"    12  3  4   2 5 24    6 4  1    6",
"    12  3  4   2 5 42      1  15    ",
"    12  3  4   2 5 42      1  16    ",
"    12  3  4   24  5 1  4 6 2      1",
"    12  3  4   24  521  13      5   ",
"    12  3  4   4 1 15   2 4  5      ",
"    12  3  4   4 145 2  3 4    2    ",
"    12  3  4   4 3 45     1 3 2  1  ",
"    12  3  4   4 5 2    4  1  15    ",
"    12  3  4   4 52  1   41   5     ",
"    12  3  4   4 545    2  1    6   ",
"    12  3  4   4 56       5  32     ",
"    12  3  4   42  5    4    6 16   ",
"    12  3  4   5 1 51       2 62    ",
"    12  3  4  1 5  45    3 1  6     ",
"    12  3  4  12   25   4  13  3    ",
"    12  3  4  12   4   552    1     ",
"    12  3  4  2  5 15   3  2   6    ",
"    12  3  4  24       551 2        ",
"    12  3  4  4  5   1   6   33  4  ",
"    12  3  4  41   2     5 4  4    5",
"    12  3  4  41   25   6  4   3    ",
"    12  3  4  42   5   1  1  542    ",
"    12  3  4  42   51   5    3 1    ",
"    12  3  4  52   3   6   1  6 1   ",
"    12  3  4  54      3 1 2   4     ",
"    12  3  4  54 1 6     4 2 6      ",
"    12  3  4 1   3  2 4   14 546    ",
"    12  3  4 1   5 5 2  5 2  3      ",
"    12  3  4 1  2   5    3   54 1   ",
"    12  3  4 1  4 35    4    5  1   ",
"    12  3  4 1  5   62  3 1   6     ",
"    12  3  4 1 4    21  3    5 4    ",
"    12  3  4 1 4   4 2       54 6   ",
"    12  3  4 1 4  35    4    5  1   ",
"    12  3  4 1 4 5  42  4 1   3     ",
"    12  3  4 2   5  14  54    1     ",
"    12  3  4 2   54       56  6 2   ",
"    12  3  4 2 1   5    4   25  2   ",
"    12  3  4 25    3      2  54   3 ",
"    12  3  4 251      2   4  53     ",
"    12  3  4 3   5  14  5 4  6      ",
"    12  3  4 3   51         2 6 5   ",
"    12  3  4 3 1  14    4   5   5   ",
"    12  3  4 3 4 1 5 2  5 1    2    ",
"    12  3  4 3 42 5     3 41   6    ",
"    12  3  4 324   4  3 1   2      5",
"    12  3  4 352       62 4         ",
"    12  3  4 4   1   2  5 2     4   ",
"    12  3  4 4   3   1  3 2   5     ",
"    12  3  4 4   31  4    12  4 5   ",
"    12  3  4 4   5      5   6   6  1",
"    12  3  4 4   51         435     ",
"    12  3  4 4  3 5          51 4   ",
"    12  3  4 4 2     1  2 5  6 6    ",
"    12  3  4 4 2   1       4 54 6   ",
"    12  3  4 4 2   1    53  4   1   ",
"    12  3  4 4 2  5     2    5 6 4  ",
"    12  3  4 4 23 2  1    4  15 2   ",
"    12  3  4 4 5      6  5    4     ",
"    12  3  4 45 3       36 2        ",
"    12  3  4 5   16  2   36   1     ",
"    12  3  4 5  2    4    4  62     ",
"    12  3  4 5  3    4  1    54     ",
"    12  3  4 5  3  1 4  2 41   6    ",
"    12  3  4 5  3 4       1  3  42  ",
"    12  3  4 5 1    1  6   4  42    ",
"    12  3  4 5 1   1  2 2    56     ",
"    12  3  4 5 1   3   51  4  3 5   ",
"    12  3  4 5 2     1   26  53     ",
"    12  3  4 5 2    2  62  4  46    ",
"    12  3  4 5 2    45  3    6 6    ",
"    12  3  4 5 2   2 6  5 6         ",
"    12  3  4 5 2   4 1       562    ",
"    12  3  4 5 2  2  4       65 4   ",
"    12  3  4 5 24    1   64   2     ",
"    12  3  4 5 4  2  1    6 455     ",
"    12  3  4 5 6  2         5   6   ",
"    12  3  4 521   3    31  4   4   ",
"    12  3  41  4   3 1       5 64   ",
"    12  3  42  4   3 1   15   4     ",
"    12  3  424 1        5   3  32   ",
"    12  3  425 4   3    4    1  5   ",
"    12  3  43  2   1  4 5       4   ",
"    12  3  43  4        5    36   2 ",
"    12  3  43  5   4      5 2 6     ",
"    12  3  43  5   4      6 3 5     ",
"    12  3  44  2      3   4  52 1   ",
"    12  3  442 1      2  32  5  4 3 ",
"    12  3  443 2   5    6 2  3      ",
"    12  3  445 1     2  31      4   ",
"    12  3  45  1      2   2  53 5   ",
"    12  3  45  1   1 2    6 2      5",
"    12  3  45  2      3   2  54 6   ",
"    12  3  45  2   3   62 4     1   ",
"    12  3  45  4   6  2 23   6  5   ",
"    12  3  453 1     2  2 6     1   ",
"    12  3  453 4        24   3  1   ",
"    12  34      23 25        4 62   ",
"    12  34  2  5   1   3     45 2   ",
"    12  34  53  4  2   3   1  36    ",
"    12 13        4  2   4   5    1  ",
"    12 13      4   56       641     ",
"    12 13     41    2   5  4 3 4    ",
"    12 13     41 56        42  6    ",
"    12 13  4    5   4   5    13     ",
"    12 13  4  1  5  4   5   3  3 4  ",
"    12 13  4  4  5   6   6    5     ",
"    12 13  4 5 2 3  21  3 6   5     ",
"    12 13  41  2    5   6    135    ",
"    12 21  3   3 45 41  24    3     ",
"    12 23      2 42 5      64 43    ",
"    12 23      4 56 4      23 36    ",
"    12 23     45       44    6 3    ",
"    12 23     45       6    6 54    ",
"    12 23     45   5    5    33    4",
"    12 23   4  5    5    1  4      5",
"    12 23   4  5    5  1 1  5 3     ",
"    12 23  4  12   5  6 3 6   5     ",
"    12 23  4  4 2   14   3   551    ",
"    12 23  4  52     4   3   654    ",
"    12 23  4  54 62      4 1       5",
"    12 23  4 3 4    4     1  3  5   ",
"    12 23  4 4 2    54    2  55     ",
"    12 23  4 564       52    3  1   ",
"    12 31        4 56     45       6",
"    12 31      4 5 42        61 4   ",
"    12 31     4  3 5 4     25 6     ",
"    12 31    4   1  56    3  55    4",
"    12 31   4  2    2  3 5 6  1    5",
"    12 31  4   4 5  6   1   4 5  2  ",
"    12 31  4  3 4   5   4    53     ",
"    12 31  4  42     1   5   36     ",
"    12 31  4  42 3  3      4  5     ",
"    12 31  4 4 1    5   5  4 1  3  5",
"    12 32      1 4  56    12  3     ",
"    12 32      4 56 4      15 54    ",
"    12 32     3  4  52   4 5  2   4 ",
"    12 32  4    5   4   5  64  6    ",
"    12 32  4   12  15      4  3 1   ",
"    12 32  4  12   4    5  1 3      ",
"    12 32  4  42 35      4   63     ",
"    12 32  4  5 3   1    2 4  41    ",
"    12 32  43  5    4    5  6 6     ",
"    121 3  4   14  41   3   252 5   ",
"    121 3  4 3 4   51     4  53     ",
"    121 3  4 5  4   1   4 5  3      ",
"    121 3  4 5 2   1        45  6   ",
"    122 1    3 4 5 543  4  1 35     ",
"    122 1  3 1  3   42  4   56  5   ",
"    122 1  3 3 4 5 543      5 42    ",
"    122 1  3 3 45  5      4 2 5 3   ",
"    122 3     45       6    5 4 6   ",
"    122 3    4 1 5  6      42 6     ",
"    122 3    4 2 1  25  3    5    4 ",
"    122 3    4 5       4  2 3      1",
"    122 3  4  45   6         54 6   ",
"    122 3  4  52   2 4       654    ",
"    123 1    4   5   6      6 4 5   ",
"    123 1  4  34   5      4 235     ",
"    123 1  4  51      4 4    5  3   ",
"    123 1  4 4   1   2  5 2     3   ",
"    123 1  4 4 2     1    3 2 5    6",
"    123 2     34   5   6     54     ",
"    123 2    2 4 3  42    1  56     ",
"    123 2    4 5     2    5  6  1 2 ",
"    123 2  4     3  5   2  4    4   ",
"    123 2  4   5   6      6 4 5     ",
"    123 2  4 2   5 3      3 2   5   ",
"    123 2  4 3 1      2 4 3     5   ",
"   1 2     3  34 5 4 2  42      6   ",
"   1 2    3   1  4  45       1 32   ",
"   1 2    3   12 4 5    54      2   ",
"   1 2    3   2  1  1 4  2 3    5   ",
"   1 2    3   2  1 41      52  3    ",
"   1 2    3   4  5 52   1  3   2    ",
"   1 2    3  14  5  5   5  2  3   1 ",
"   1 2    34  13   34    4   51 2   ",
"   1 2    34  13 5  42  34     12   ",
"   1 2    34  2  1  5 4  2 3  31    ",
"   1 2    34  3 5   2    4 3  6     ",
"   1 2    34  4 2  5   14 3     1   ",
"   1 2    34 21 4   3    352  1     ",
"   1 2    34 256    6 5  4   51     ",
"   1 2    34 432    14   3   1 25   ",
"   1 2    34 546    1 4 16    5     ",
"   1 2  1 3    4 5 65  123          ",
"   1 2  1 3    4 5 65  3 3    2     ",
"   1 2  2    1   33     4   3   5 4 ",
"   1 2  2  3 1 2   4      5 6 4     ",
"   1 2  2  3 2 43  35     3 5  4    ",
"   1 2  2 3     45 46  331          ",
"   1 2  2 3     45 53  121      4   ",
"   1 2  2 3     4535   121      3   ",
"   1 2  2 3  4   51     3  2    4 5 ",
"   1 2  3      4 154   62   4  6    ",
"   1 2  3     24       5     1 64   ",
"   1 2  3    1   4 5    4  5   6 2  ",
"   1 2  3    4   3   5  2   5   6  4",
"   1 2  3  4   4  35         5 21   ",
"   1 2  3  4 3   5 2 4    1    4    ",
"   1 2  3  4 3  2 51    34   5  1  3",
"   1 2  3  4 563        4 2    3    ",
"   1 2  3  42  4   1    45  13      ",
"   1 2  3 4      3 15       5  42   ",
"   1 2  3 4      3 56       5  24   ",
"   1 2  3 4      451       26 23    ",
"   1 2  3 4  2   4 5    6 52      5 ",
"   1 2  3 4  3 4 1 4   3    5 2 5   ",
"   1 2  3 4  4 5 3 35     1  44     ",
"   1 21 3 4  5   1    6   14    6   ",
"   1 22 1  3   4   53   3    4  5   ",
"   1 22 3 4   53       43   5  21   ",
"   12      3  2  4 4   51   3 4     ",
"   12      3  32 1 4   53 1    2    ",
"   12      3  4  5 21    1  3   6   ",
"   12      3  4 5  5   1     21 3   ",
"   12   1  3  4 1  2   5  53  63    ",
"   12   1  3 2   41    2 4  5 3 5   ",
"   12   1  3 3 4 2 5    4    5    3 ",
"   12   1  3 4   5 15   52  6    2  ",
"   12   1  3 4   5 2  4  35         ",
"   12   1  3 4  52 3   4 13   2     ",
"   12   2  3    4524   1 13   5     ",
"   12   2  3 3 4 5 54       3112    ",
"   12   2  3 4 5 1 31  4 23   1     ",
"   12   3  4    1516       3 1 41   ",
"   12   3  4 4  325    1 15   2     ",
"   12 2 3  4 3   5 5  1   42  5     ",
"   12 2 3  4 3 4 2  5     2 4636    ",
"   123          45 52  1 31   2     ",
"   123        3  2 45   3 14  5     ",
"   123        3  4 56     2 5 63    ",
"   123        3 45 25  1  14  34    ",
"   123        34 1  4  513      2   ",
"   123       1   4  23    5 4  61   ",
"   123     4    4  25    62  55 1   ",
"   123     4   24  253  5 2    61   ",
"   123     4  1  5 24       3  56   ",
"   123     4  1 4  52   2    55   1 ",
"   123     4  1 5   4   5   4  2    ",
"   123     4  13   25     3  52     ",
"   123     4  2 5    3  35     1    ",
"   123     4  2 5   4   3    2 4    ",
"   123     4  2 5  4     352  4     ",
"   123     4  24   3      4 1 35    ",
"   123     4  3 4      1354    1    ",
"   123     4  3 4  4   55 4  2  2   ",
"   123     4  42    1 3 35   141    ",
"   123     4  43     2  5 3  11 6   ",
"   123     4  53   1     43  1  2   ",
"   123     4 1  3   5 4 5 2    31   ",
"   123     4 213    5 4 54  1 21    ",
"   123     4 342    13  35   141    ",
"   123     4 35 1   1 4 14    3     ",
"   123     4 452    14  12      3   ",
"   123     4 5  6   3    26   3 5   ",
"   123     4 534    2 3 2    55 6   ",
"   123     4 534    2 3 3    55 6   ",
"   123    45 1   2  4   2 1 3 6     ",
"   123    45 1   4  5   4 3 1 1     ",
"   123  1       45 2     1 5  3 4   ",
"   123  1   45           6  45     6",
"   123  1  4     5 16     4  1 3    ",
"   123  1  4   4   53     4  636    ",
"   123  1  4 1  453   1  6 4  5 4   ",
"   123  1  4 1 2   5  3     4 425   ",
"   123  1  4 4  3  3   52 5     3   ",
"   123  2      4 2 45       4 53    ",
"   123  2    3   425       53  63   ",
"   123  2  4    1 15         524    ",
"   123  2  4    1 56     15   2     ",
"   123  2  4   34  35   5   3 123   ",
"   123  2  4   34 35 2    5 3 623   ",
"   123  2  4  3 4  2   5 64   3     ",
"   123  2  4 1 24  25     1 3 5     ",
"   123  2 45 1   2   5  4 5  13     ",
"   123  3      4 564    2   4  36   ",
"   123  3    2 4 55    6  5 4  6    ",
"   123  3    3 4 2 5    2   6 3 5   ",
"   123  3  4     561    24      6   ",
"   123  3  4    4 51         5235   ",
"   123  3  4  52   6    5 2 4  4    ",
"   123  3  4 1 3   52   2 1 3   5 4 ",
"   123  3  4 5  3 4       6  212    ",
"   123  3 45 4   2 26     2 1 5     ",
"   1233 1    3   4 15       6 5 3   ",
"  1  2     1  32   2 3   4 5  6     ",
"  1  2     3    4  52   3    6   1  ",
"  1  2     3    4514      65  3     ",
"  1  2     3    4514    6  5  3     ",
"  1  2     3   4   52     5 6  3    ",
"  1  2     3   42  45    3  1 6     ",
"  1  2     3  3 4  52   3   1  4    ",
"  1  2     3  423   5 4 5  1   2    ",
"  1  2     3 1  4 3       5  42   1 ",
"  1  2     3 2  1 4  2  3   4   5   ",
"  1  2     3 2 4   56   6  1    2   ",
"  1  2     3 4 5   5 2  3   4   6   ",
"  1  2     324 5     4    2 1 4     ",
"  1  2    3     45 65  1  2 1  3    ",
"  1  2    3     45 65  1 3 2  1     ",
"  1  2    3    4 1 5      2  43     ",
"  1  2    3    4 5 643   3    2     ",
"  1  2    3   43 5 3 6  2    3    1 ",
"  1  2    3  1   3 4 5  4   2   3   ",
"  1  2    3  1   45  6  4   6   2   ",
"  1  2    3  1 4   2   35   4   2   ",
"  1  2    3  1 4 3 5 6    42  5     ",
"  1  2    3  1 4 55     2   4  6    ",
"  1  2    3  2   4 1 5  3   4   6   ",
"  1  2    3  2  45 45  3 1 2  6     ",
"  1  2    3  2 4    3  5 5 2  1     ",
"  1  2    3  425   1    4    3    5 ",
"  1  2   3   4 5 33    4 6  4 1     ",
"  1  2  3  1 2  3       4  1    5  4",
"  1  2  3  12   4  4   3 1 5  3     ",
"  1  2 2  3    2 1  43  3  5    6  3",
"  1  2 3   4   1   52   4    6    3 ",
"  1  2 3   4   25   6    5  2 6     ",
"  1  2 3   4  4 5  56   5  1     4  ",
"  1  2 3   4  5   4      2  3    6  ",
"  1  2 3   43  5    5 2  6   5 2  3 ",
"  1  2 3   45   2    4  1   6   2  1",
"  1  2 3   45 21      4 1   2    3  ",
"  1  2 3  1    4 5  62    21  6     ",
"  1  2 3  1    4 5 423    41  3     ",
"  1  2 3  1   4  35  4   2  3       ",
"  1  2 3  4   52       65   6  1 5  ",
"  1  22    3 3  2    4  5    6  2   ",
"  1  23    1  24   5 1    5  42   3 ",
"  1  23    1 1  4  2      5  62  5  ",
"  1  23    1 431      4   2 3 5     ",
"  1  23    4 1 5    5   4    3   2  ",
"  1  23    4 5   3   6    2  64   1 ",
"  1  23    4 5 4     2    3  5  6   ",
"  1  23   4  2   5   1    4  32   5 ",
"  1  23   4  5   1 1 3    4 6 5     ",
"  1 2      1    3224   5   3   6    ",
"  1 2      1 3   24  5  6   3   4   ",
"  1 2      3   4 245 3    5  13     ",
"  1 2      3  21 4 5 6   1 2  6     ",
"  1 2      3  23 4  56  1  2   4    ",
"  1 2      3  24 5 65   1   3    2  ",
"  1 2      3 2   4  5 6   45   3    ",
"  1 2      3 3   2  45    2 4 1     ",
"  1 2      3 3   4 4 5  6   1   3   ",
"  1 2      3 3 4 5 5      3 1 6     ",
"  1 2      3 4   1 5 4     5  6     ",
"  1 2      3 456    2  51   3    2  ",
"  1 2      314 5   5      3 1      4",
"  1 2      314 5   5   4  3   4     ",
"  1 2      345 1   1      62       4",
"  1 2  2   3  24       5 3  4 6     ",
"  1 2  3   4   5 1 56     32  4     ",
"  1 2  3   4  42   1 4    51       3",
"  1 2  3   4 531    6  3 2   1   2  ",
"  1 23         2 4 3 5    4  2 1   5",
"  1 23         2 452   62   4 3     ",
"  1 23         4 25         3  26   ",
"  1 23         4 5 65      3  12    ",
"  1 23        21   3        4546    ",
"  1 23        21   3    4    1    5 ",
"  1 23        3  4 5 1  5   6  6 3  ",
"  1 23       1   4 5 3    45  3    1",
"  1 23       2 1 4 4 5    2  15     ",
"  1 23       2 4    5   1    42    5",
"  1 23       2 4 1 4       25 5     ",
"  1 23       2 4 515      32 44     ",
"  1 23       3 4 1 1 2  5 2         ",
"  1 23       3 4 515   2 2 1  3     ",
"  1 23       4 1   52   4    1    6 ",
"  1 23       4 1 5   6    3 6 2     ",
"  1 23       4 1 55    4   6  2 5   ",
"  1 23       4 5       61    4  2 6 ",
"  1 23       4 5  5  3      313 6   ",
"  1 23       4 5 25       2 5     1 ",
"  1 23       42  5   6      5 3 5   ",
"  1 23      2  4   4   1    5 6 3   ",
"  1 23      34 5     3       541    ",
"  1 23     1    3  45   1    4 5    ",
"  1 23     1    4   3    5 6  36    ",
"  1 23     1    4  35    4  3 1     ",
"  1 23     1   2   32   4   5  6    ",
"  1 23     1   43  32    13 5       ",
"  1 23     1   45  5 1  1 3   6     ",
"  1 23     1  21   3 2  4   5 2 5   ",
"  1 23     1  21   34   24 5        ",
"  1 23     1  234  5    4  6   2    ",
"  1 23     1  32   24   3   4  4 5  ",
"  1 23     1  41    3  4 1 3 5 5    ",
"  1 23     1  45   5  3 3 21      4 ",
"  1 23     1 1 34  5      35 41 5   ",
"  1 23     1 145   5  1   63  3 5   ",
"  1 23     1 2 13  3 4  45    3     ",
"  1 23     1 2 14    3  5 4 1 2     ",
"  1 23     1 2 4   4    5 3  4    3 ",
"  1 23     1 2 4 5      4 5   1     ",
"  1 23     1 2 4 514 3  3 2         ",
"  1 23     1 234     2  4 5   3     ",
"  1 23     1 3 1      4 5    61 6   ",
"  1 23     1 3 14    3  5 2     4   ",
"  1 23     1 3 21  4 3  4  5    3   ",
"  1 23     1 3 4   2        5 6 3   ",
"  1 23     1 3 4   54     5 1 2     ",
"  1 23     1 4   52  1    23  4 5   ",
"  1 23     1 4   562       4  3     ",
"  1 23     1 4  1   35  1   6  65   ",
"  1 23     1 4  3  2 5  5  14   2   ",
"  1 23     1 4 1   5      2  54     ",
"  1 23     1 4 3   2 4  5 3         ",
"  1 23     1 4 5        2 3  4 1  3 ",
"  1 23     1 4 5    5   3    44   3 ",
"  1 23     1 4 5   6    5   1 6     ",
"  1 23     4     2 35    4  1 3     ",
"  1 23     4    3  5    3 2     6   ",
"  1 23     4    4  52    6 2  3   6 ",
"  1 23     4    4  52   3   6  6 2  ",
"  1 23     4    515     2 4  6  3   ",
"  1 23     4   1 5 4      345 6 4   ",
"  1 23     4   1 514        5 2 3   ",
"  1 23     4   2  5       2 15  4   ",
"  1 23     4   23  12    43 5       ",
"  1 23     4   3   56   4    65     ",
"  1 23     4   3 5 13   4   51  5   ",
"  1 23     4   35  6      3  551    ",
"  1 23     4   35  6    6  4   13   ",
"  1 23     4   35  63   3  2  4    5",
"  1 23     4   35  63   6  23 31    ",
"  1 23     4   4  5       3  61   3 ",
"  1 23     4   4 1 5    3 2 1 5     ",
"  1 23     4   4 2 45   3   1  2 3  ",
"  1 23     4   43  45     61  2     ",
"  1 23     4   45  451  6    1 3    ",
"  1 23     4   45 14       2 53 2 4 ",
"  1 23     4   5   3      5 6 3 6   ",
"  1 23     4   5   62    4  1 6     ",
"  1 23     4  2    5    1   6 3  4  ",
"  1 23     4  23   1      5  61 3   ",
"  1 23     4  314  54   51     3    ",
"  1 23     4  32      1 34    5     ",
"  1 23     4  32   25   16 3       2",
"  1 23     4  324  52   5   1 3     ",
"  1 23     4  35    5  636     1    ",
"  1 23     4  4  5 23       51 5    ",
"  1 23     4  41   5    3    5 25   ",
"  1 23     4  45   2    5   1 3     ",
"  1 23     4  53     1  43     5    ",
"  1 23     4  53   3    4   151     ",
"  1 23     4 1   253    24  1   3   ",
"  1 23     4 1  5  2    2   4   3   ",
"  1 23     4 1 3   4  5 3       5   ",
"  1 23     4 1 3  4       5 6 2     ",
"  1 23     4 1 4   5 1  3 6     5   ",
"  1 23     4 1 45  4        3 5 3   ",
"  1 23     4 13    4    2  43      5",
"  1 23     4 2   5 4 2      3 6 5   ",
"  1 23     4 2  3  35   4 3  5      ",
"  1 23     4 2  4   53  23   51     ",
"  1 23     4 2  5    3  1 3   5     ",
"  1 23     4 2 1        3 2  5  6   ",
"  1 23     4 2 4   3  1 54   12     ",
"  1 23     4 2 4 1 5    5  31   2   ",
"  1 23     4 2 45    2  1 3   6     ",
"  1 23     4 234      5 3  2  1     ",
"  1 23     4 241    5 4 4  3 1 3    ",
"  1 23     4 251    4 3  1 4  6     ",
"  1 23     4 3      5     31   4    ",
"  1 23     4 3  5  5      3  24  1  ",
"  1 23     4 3  5 4      5 3  2     ",
"  1 23     4 3 1    4  54  25  2    ",
"  1 23     4 3 1   2        5 6 3   ",
"  1 23     4 3 1   4      5  63 4   ",
"  1 23     4 3 1  15      4 5 6  3  ",
"  1 23     4 3 2        4   5 1 3   ",
"  1 23     4 3 4      5 1   3 6    5",
"  1 23     4 3 4   2    5 3 1     4 ",
"  1 23     4 3 4   5 1    4  15 3   ",
"  1 23     4 3 5    2       3 1     ",
"  1 23     4 342   2    5 2 1       ",
"  1 23     4 4 3   1   53 4  1  5   ",
"  1 23     4 452   1  4 2  13       ",
"  1 23     4 5  1 3       32  5 6   ",
"  1 23     4 5  4    6  5 6     4   ",
"  1 23     4 5  6   4   5 6   1     ",
"  1 23     4 5 1   3      2 6 5 3   ",
"  1 23     4 5 2   3  5 5 3 6   2   ",
"  1 23     4 5 2  1      2  5   4   ",
"  1 23     4 5 2  2     5  3    4   ",
"  1 23     4 5 3   1    3   45      ",
"  1 23     4 5 4       2 34   5     ",
"  1 23     4 5 4      3 1 3   5     ",
"  1 23     4 5 4   2      2  63   1 ",
"  1 23     4 5 4   3   56 4   3     ",
"  1 23     4 5 4   3 1    4  15 3   ",
"  1 23     4 5 6   16   1   3 5 3   ",
"  1 23     4 5 6   4    5 6 3       ",
"  1 23     4 531      5 2 6   3     ",
"  1 23     4 531   2       23   5  1",
"  1 23     4 541    3 4  1  5 53    ",
"  1 23     4 543   1  5 4       2   ",
"  1 23     41  3   4 5  3 6         ",
"  1 23     43  2   5 3  5 3 1       ",
"  1 23     43  4      1   3  54 6   ",
"  1 23     432 1   5    5    1  2 4 ",
"  1 23     434 2   2    5 2 1       ",
"  1 23     435 1   1    5 4 3     5 ",
"  1 23     435 1   1 3    4 5 6     ",
"  1 23     44  1   3         5 26   ",
"  1 23     45  1   4      3 5 6 4   ",
"  1 23     45  2   6    2   1 1 6   ",
"  1 23     45  3   3  4   4 51  5   ",
"  1 23    14     5   4  4 3  11 5   ",
"  1 23    14     523     43 5       ",
"  1 23    14  23   43   53 2       5",
"  1 23    14  32   4    2 4  56     ",
"  1 23    14 1   5 5      3 6   6   ",
"  1 23    14 1 2   5 4  5 4   1 2   ",
"  1 23    14 3 1        2 4 5 5    2",
"  1 23    14 5   13  4  5 4   1     ",
"  1 23    14 5 4    4   1    553    ",
"  1 23    14 5 4   3    5 4  22     ",
"  1 23    41   1 5 3    4 3 1   6   ",
"  1 23    41   3   52   2 4  56     ",
"  1 23    41 2   4      4 2  5  6 3 ",
"  1 23    41 2   5   4  3 5   4     ",
"  1 23    41 3    2     1    2  5   ",
"  1 23    41 3   52     6  13   2   ",
"  1 23    41 3 4 5 5 3  5 4   2     ",
"  1 23    41 341   5 4  5   1   3  4",
"  1 23    41 342          2  45 3   ",
"  1 23    41 4 1  51    2 4  6  6  2",
"  1 23    41 521       5 14   2     ",
"  1 23    41 523        1    55 4   ",
"  1 23    45     4 63   6   3  5    ",
"  1 23    45 2 4    63  6    41     ",
"  1 23    45 3   2      1 2 3   4   ",
"  1 23    45 3   41       4 3   6   ",
"  1 23    45 6   1  4   1 6  43     ",
"  1 23    4521     3      65       4",
"  1 23   1       4 52       6 2 3   ",
"  1 23   1    3 4  5   63 2    1    ",
"  1 23   1   2  4  4   15 2    3    ",
"  1 23   1 4   3  52      2 1  6    ",
"  1 23   1 4   34 53      3  212    ",
"  1 23   1 4   4  32    2   1  53   ",
"  1 23   1 4 1   525    5   4 1 6   ",
"  1 23   1 4 3  1  2  3 3 5  24     ",
"  1 23   1 4 4  15  3   3  2  5     ",
"  1 23   4      54 43   3    12     ",
"  1 23   4    4  2 2    3  54  5    ",
"  1 23   4   2  14 3         54 2   ",
"  1 23   4   3   5 4 1  5 3    1    ",
"  1 23   4   5   13      2  4 4 3   ",
"  1 23   4 1   5   3     15  4  2   ",
"  1 23   4 1  3 4  1    2  3       5",
"  1 23   4 1 2  4  5      41  5 2   ",
"  1 23   4 1 2 1    52  4 2  5 1    ",
"  1 23   4 1 2 3    52  4    5 3    ",
"  1 23   4 1 35 4  2    4 31        ",
"  1 23   4 5    5 6       5  1 13   ",
"  1 23   4 5 64 3      63 2   4     ",
"  1 23  2        1 45      4 5 34   ",
"  1 23  2    1 4  52     3   1   2  ",
"  1 23  2    2 4 15        34       ",
"  1 23  2    3  412    5 5 4      1 ",
"  1 23  2  1 3 1 4      4    5    1 ",
"  1 23  2  1 4 21 2  4    4  23 5   ",
"  1 23  2  13  4   1 3    3  52    4",
"  1 23  2  4   43 4  1  1    5 53   ",
"  1 23  2  4  43   5    1   4      5",
"  1 23  2  4 2  3   4   1   45      ",
"  1 23  2  4 2 3 5 5    3   1   5   ",
"  1 23  2  4 3   5      1   3 5     ",
"  1 23  2  4 3 4    4       15     2",
"  1 23  2  413 2   2 1      5 4 5   ",
"  1 23  2  424 1   1 2  3 5  1    5 ",
"  1 23  21  4    1 5   4 145  3     ",
"  1 23  3       45 4   1   51  6    ",
"  1 23  3      4 545       21 1     ",
"  1 23  3    4   1 3 5    4  65   1 ",
"  1 23  3    4 5       42   31      ",
"  1 23  3  4   1 5 4        5 2 6   ",
"  1 23  3  4   2 5 3      51  4     ",
"  1 23  3  4   45       1 5 3 2     ",
"  1 23  3  4 543      5 1 5 3       ",
"  1 23  3 45 2 3    5   3 4  6      ",
"  1 23  34     2 535        5441    ",
"  1 23  4        524    4   3    5  ",
"  1 23  4       56 1         42 6   ",
"  1 23  4      3 1 1 2  43  5      4",
"  1 23  4     25   4   62 3 4       ",
"  1 23  4    2   1     4    5  12   ",
"  1 23  4    3   4   1  4    5  3   ",
"  1 23  4    3   51  6      6 4 3   ",
"  1 23  4    4   1 3   5   6  4 5   ",
"  1 23  4    4 2 52  3  1 2  6    3 ",
"  1 23  4    453       21 2 5       ",
"  1 23  4   1  2   2   4    1 3 5   ",
"  1 23  4   3  2   4 5      5441    ",
"  1 23  4  1 4 2 5 2      2 3 3 5   ",
"  1 23  4  15  3      4     34  5   ",
"  1 23  4  5    5  43   2    64     ",
"  1 23  4  5   35  4    3    2 1    ",
"  1 23  4  5 2   1      1    4  6 5 ",
"  1 23  4  5 2   131    1 2  4    5 ",
"  1 23  4  5 2   14  5  3 5  4      ",
"  1 23  4  5 4 2    53  13   4      ",
"  1 23 2       2 45       4 6   63  ",
"  1 23 2      42   3   5  6  1    5 ",
"  1 23 2      43 5 354   4 2 11     ",
"  1 23 2    3 24     3      1451    ",
"  1 23 2   1  243   41  51 2   4    ",
"  1 23 2   1  4  5   3  5  2   1    ",
"  1 23 2   13  4    2   51 2       4",
"  1 23 2   4   3   15   4 2 5    4  ",
"  1 23 2   4   3  5 2    5 4  1   6 ",
"  1 23 2   4   3 5 13   4 2 5    4  ",
"  1 23 2   4   4 56     1   5   51  ",
"  1 23 2   4  31   5       4 15     ",
"  1 23 2   4  32       5   4  6 5   ",
"  1 23 2  41 5   4  62  1 4   5     ",
"  1 23 3       2 14     1 5  6    1 ",
"  1 23 3      45       64    5 6 4  ",
"  1 23 3   1   24 2 41  14 5  6     ",
"  1 23 3   1   34   21  5 4 3    5  ",
"  1 23 3   4  23 53 5    2  6 6     ",
"  1 23 3   4  5  6   1   1 2  4     ",
"  1 23 3   4 5 3    42    31  5     ",
"  1 23 3  41   2 51         5 4 2   ",
"  1 23 3  41   2 53 5   14  5 5  4  ",
"  1 23 3  4151    3    2  3    25 1 ",
"  1 23 32  4  42      5 2  14 1     ",
"  1 23 4         1 32     4 1    5  ",
"  1 23 4       1 53     1  2 6  6   ",
"  1 23 4       5 2  6   2   1      5",
"  1 23 4      31  4      2   51   6 ",
"  1 23 4   1  23 5   1  32    4     ",
"  1 23 4   1  51    6    1   4   5  ",
"  1 23 4   5  524    3  2  5   1  3 ",
"  1 232         45 45  1   3  12    ",
"  1 232      2  4  5   1   5 4 35   ",
"  1 232      3 2       1   4   153  ",
"  1 232      4   5   6    3  1   2  ",
"  1 232      4 3    35    5  14     ",
"  1 232      4 5       4  51  4   5 ",
"  1 232      4 5 2  51  4 2  1    5 ",
"  1 232      43 1  2   5 1   4   5  ",
"  1 232    1   4   5      6 3 1 5   ",
"  1 232    1 1      4      5 4 653  ",
"  1 232    1 4   5        2 5 4 5   ",
"  1 232    4   2   4    5   1   3  5",
"  1 232    4  3    4      4  25   3 ",
"  1 232    4 1  3  4 2  1 3  2 2  5 ",
"  1 232    4 1 4   5      4  25  1  ",
"  1 232    4 231   5    5   4 3    1",
"  1 232    4 3 4   24   5 2 1       ",
"  1 232    4 4 21  1 4  5 4  1  3   ",
"  1 232   41 5 3        4 3  2    3 ",
"  1 232  4   2   5 45   3 2 1    2  ",
"  1 232 3  1 1 45  5      5  44   3 ",
"  1 232 3  1 2   4   2  4 5 3 1   6 ",
"  1 2323   4  41       5    5 41    ",
"  1 233        4   12        52 6   ",
"  1 233       21   3    4    2  5 6 ",
"  1 233      1 3 4 5 2    4  2  5 4 ",
"  1 233      1 4   3        12  5   ",
"  1 233      132   4   14   5   5   ",
"  1 233      2 1   1 4  2 4  5      ",
"  1 233      234       5  514 4     ",
"  1 233      3 2    24    5  14     ",
"  1 233    1   14  2        544 3   ",
"  1 233    1 4 2      1 5 2     3   ",
"  1 233    4   4   4      3  25    6",
"  1 233    4  32   1   5  6 3 1 4   ",
"  1 233    4 1 2    4   45  3      2",
"  1 233    4 1 3    54    2  51     ",
"  1 233    4 3   5  4       522 6   ",
"  1 233    4 5  3    1    5  1  4 5 ",
"  1 233   14 132   5    1 6  25   3 ",
"  1 233   41 132   5    5 6 3      5",
"  1 234         45  3      5 2 15   ",
"  1 234        3   15    2   51   4 ",
"  1 234        5 2 3    2   4   5  1",
"  1 234        5 2 3    2 6  5    4 ",
"  1 234       25   3   12 5 1      2",
"  1 234       45   3   62    1    5 ",
"  1 234       5  2 1     4 31       ",
"  1 234       52   4 6  5    6      ",
"  1 234      1  45  3   3  5 2      ",
"  1 234      2   1   5      6 3 4   ",
"  1 234      2 3 4   5       61 3   ",
"  1 234      2 5 1 1   42   5   5 4 ",
"  1 234      3 5   1   61 5  2    6 ",
"  1 234      3 5   1 2      511 6   ",
"  1 234      4 1   2 3  2 3 1      5",
"  1 234      4 5 6 1   2 2  5   6   ",
"  1 234    1   3 4 45     3  61     ",
"  1 234    1 352      3 2 4  5    4 ",
"  1 234    1 4 3   23        5    1 ",
"  1 234    5   5   14   1   4 2 3   ",
"  1 234    5 2  3    5  3    4  6 5 ",
"  1 234    5 4 2    35      541 4   ",
"  1 234  1   3   4     21  34   5   ",
"  1 234 3  1 4 1     2    4 153     ",
"  12 3          45 56    2  1   3   ",
"  12 3       45  1 2  4   2 1 5     ",
"  12 3      42   1     5 6  5 2     ",
"  12 3     1 4 5    5   2    44     ",
"  12 3     4   53  2 4   43   5     ",
"  12 3     4 2 1   4     1  32  5   ",
"  12 3     4 2 1 54  3  23      4   ",
"  12 3     4 3 4 5  43  1 3    6    ",
"  12 3     44  5   5 3  23      4   ",
"  12 3    1      452    2   4  3    ",
"  12 3    1  1  4  3   55 3    4    ",
"  12 3    1  2   4 3        5  62   ",
"  12 3    1  24  1 1   4    3 35    ",
"  12 3    1  3   1 2   4  3 5 45    ",
"  12 3    14  5 3  2      3  5 4    ",
"  12 3    14 1   56  3   4  3 3 5   ",
"  12 3    14 2  4  5      4  25     ",
"  12 3    14 5  4   3   5   2 2     ",
"  12 3    145  3      4  13  52 5   ",
"  12 3    4     2565    3  1   25   ",
"  12 3    4  2   4 15    32  6      ",
"  12 3    4  2 1   3   554      2   ",
"  12 3    4  2 3 1  5     3  214    ",
"  12 3    4  2 5 41    226      4   ",
"  12 3    4  3   1     22  5   15   ",
"  12 3    4  3   14    2 235        ",
"  12 3    4  5    4       4 1   6  5",
"  12 3    4 24   5     2  2 1 3     ",
"  12 3    41   3 4 2    1 3    5    ",
"  12 3    41  53   3   4163         ",
"  12 3    41 2  1      5 6 5  2 5   ",
"  12 3    41 2  1 5  3   43  5  2   ",
"  12 3    41 2 13 4       4  5    2 ",
"  12 3    41 2 5     3  36  2   2   ",
"  12 3    41 3   5 5  1 3 4    1    ",
"  12 3    41 3 12 21  3   3  55 4   ",
"  12 3  2    2 4   4   5 15  2    5 ",
"  12 3  2  4 1 5  4      35 1     3 ",
"  12 3  2 1     4252    2    5 4    ",
"  12 3  2 1  1 4 53     4    2    4 ",
"  12 3  2 4    3 15       6 34 4    ",
"  12 3  2 41 4  252   3 13 4        ",
"  12 3  3      4 1     5    5 25    ",
"  12 3  3  44  1      3   2  13    5",
"  12 3  4    1   4 4 1    2 3      5",
"  12 3  4  1 3 1       4 1   5  5   ",
"  12 3  4  5   4  43      2 6      2",
"  12 32   14 1  2  4    5 3  1   3  ",
"  12 32   4  4   1  2  4 1 53 5 3   ",
"  12 33    4 4   5  64  2   3  1    ",
"  12 34         56 36      4  31    ",
"  12 34        4 1  5  2 1  2   25  ",
"  12 34        5 4  4  2 23 6       ",
"  123      1 2   4 3       56 5 2   ",
"  123      4     253    3  14  6    ",
"  123      4    56 3     1 5  6 5   ",
"  123      4  5  2 4      25   1    ",
"  123      4 23  1 1   3  25   5    ",
"  123      4 4  5313   2 2      3   ",
"  123      4 5   1 3       5    4   ",
"  123      4 5   6 3     1  4 3 6   ",
"  123      4 5   63       3 4 6     ",
"  123      44  5       3 63 1 1     ",
"  123   2  4 3   15   2   34  14    ",
"  123   3  4   5 34       2 1  5    ",
"  123   3  4 4   2 3   121 5        ",
"  123 4    1   3 5 3   21 2 4  4 1  ",
"  1234        3  5 4   33 5 6 4     ",
"  1234       3   5 4   22  6    4   ",
"  1234       3   5 6    2  6      5 ",
"  1234       3  45 4       5  31    ",
"  1234       4   3  3  53 5 1  14   ",
"  1234      4  1       3  5  2 14   ",
"  1234     1 4  2 1   4  2 3 53     ",
"  1234     5    2  42     43 13     ",
"  1234     5    6  4    4 63   13   ",
"  1234     5   35  1        2 342   ",
"  1234     5 2 5   3    2 5   4 3   ",
"  1234     5 3  4      24 6   2     ",
"  1234     5 3  5    4   46     3   ",
"  1234     5 4   1   4  1 4  26     ",
"  1234     5 6  1  3      23    6   ",
"  1234     56  1      5  3      2   ",
"  1234  2  5 3  4    3  4 3  62 6  3",
"  1234  4  5 6   2    4 246         ",
"  12344      4   5  2 6 3 5  2   6  ",
" 1   2  2  3   45   4    2 1   5  3 ",
" 1   2  2  3  43     5  2   1 5     ",
" 1   2  2 3    4 56     3   4   53  ",
" 1   2  2 3   4  1  3   4  5   5    ",
" 1   2  2 3  435       6  1  32     ",
" 1   2  3  1  214  51    4 2      3 ",
" 1   2  3  4   5    2   1  4   3  6 ",
" 1   2  3  4   56   6 4 5     1     ",
" 1   2  3  4  546  4 5  1  2  5   4 ",
" 1   2  3  4 526    4   3  4      5 ",
" 1   2  3  41   2   54  4   5  3   1",
" 1   2  3 4   2  45      5 1  3     ",
" 1  2   2  1  34     2  1  3   5    ",
" 1  2   3  1  4  5  23   2 4  6     ",
" 1  2   3  4     21 5   4  5   6    ",
" 1  2   3  4 5 2 6  21  3    1  53  ",
" 1  23  2     31   4      1 345     ",
" 1  23  2  1   43  54   5  1  2   5 ",
" 1  23  2  1  42     3  4   5  2   4",
" 1  23  2  4   1 56       3  1   2  ",
" 1  23  2  4  13    54  5  1   4    ",
" 1  23  2  4  54     1  43   52     ",
" 1  23  2  4 541          1 452  3  ",
" 1  23  2 14 412    54  16    5     ",
" 1  23  2 41  14 5  3    6 3  2     ",
" 1  23  3        14        54       ",
" 1  23  3      4 5 643  3  2       1",
" 1  23  3     23   4        121 5   ",
" 1  23  3  1   41   2    2  5 5     ",
" 1  23  3  1   45   5   5   1  3 2  ",
" 1  23  3  1 4 5    51    1  43  2  ",
" 1  23  3  4   3   25   5   6 1  4  ",
" 1  23  3  4  53     1  53 4   6   5",
" 1  23  3  4 24         5  4       1",
" 1  23  3 14  5  6   3  54    1     ",
" 1  23  3 41   4  1 5   4  2  32    ",
" 1  23  4        4   5  5   3   2   ",
" 1  23  4     35 61      6 2  3   5 ",
" 1  23  4    5 3  2  1    2    3   5",
" 1  23  4   2  3     1    3 45      ",
" 1  23  4  1    3   5   25   44  5  ",
" 1  23  4  1   1 5 61   2    6   3  ",
" 1  23  4  1   1 51 32   3  1 2  3  ",
" 1  23  4  1 431     3  4 5         ",
" 1  23  4  1 5    6  3   6        35",
" 1  23  4  5   2 4 3 5      5  63  2",
" 1  23  4  5  1  62 3    3 5      4 ",
" 1  23  4  5  12  3      5   1   5  ",
" 1  23  4  5  32    15  13   24   5 ",
" 1  232 4  1  3 1  51   14 2  3   4 ",
" 1 23   2  134  5 6          52  3  ",
" 12 34        52  1     64   1      ",
" 12 34        56       1 5  1  2    ",
" 12 34      2  4 31            3  51",
" 12 34     1  135       43 1        ",
" 12 34     2   5 64 6    4  6 1     ",
" 12 34     2  4 5   34  35          ",
" 12 34     2  41       5 6  4 14    ",
" 12 34     225    3  2    4     3 41",
" 12 34     5  6 5 4  1  25   1 6    ",
"1    2  2 3  4 2   2   1  54       5",
"1    2  3  1 1 4   2    5    6  2 5 ",
"1    2  3  1 2  3  4 1    2 5 4     ",
"1    2  3  4  1 2  4  1   25  5    3",
"1    2  3  4 3 1   5      6 4     5 ",
"1    2  3  4 312   2 1   4  3   5   ",
"1    2  3  4 4  3   12       15     ",
"1    2  3 4  1 5 4        5 2 3     ",
"1    2  3 4  5 2 6  25    5  36     ",
"1   2   3  1 3 4     2  4    5  1   ",
"1   2   3  4  15       32    1  5   ",
"1   2   3  4 2 5       24    1  6   ",
"1   2   3  4 4   5   2    1 3 6     ",
"1   23  2      4   21   53   1    5 ",
"1   23  2      4   35       165 6   ",
"1   23  2    3 4     1  4    1  5   ",
"1   23  2    3 4 2 1   5 632      5 ",
"1   23  2  1   4   54    2  5   3   ",
"1   23  2  1   4 5 41   3    4 2    ",
"1   23  2  1 4 5     1    5 142    5",
"1   23  2  1 4 5    5   2 3 4       ",
"1   23  2  4   2   35       515 6   ",
"1   23  2  4 2  3    4    5 1 3     ",
"1   23  2  4 2 1   5    6 5  1    5 ",
"1   23  2  4 2 4   5  1 4    6  5   ",
"1   23  2  4 3 4      5 2 4  6      ",
"1   23  2  4 4 2        5 6 1      6",
"1   23  2  4 5 1   21     54  4    1",
"1   23  2  4 5 31         1  5  3   ",
"1   23  3     45   1    6   1      4",
"1   23  3    4 1     3      14  5   ",
"1   23  3    4 2 5  24    5 4     1 ",
"1   23  3    4 5     1   2   1  5 4 ",
"1   23  3    4 5 2   1  5 4  1      ",
"1   23  3  1 4 2        3 5 4   2   ",
"1   23  3  4     5 42   2 5  1    6 ",
"1   23  3  4 3 4    53  5 1 3  2   1",
"1   23  3  4 312     1  5 4  1    5 ",
"1   23  3 41 5 3   1   253      2   ",
"1   23  4      5   6    6    1  5 6 ",
"1   23  4      5 2 4    2 3 6      5",
"1   23  4    1 5 2 2      2 45      ",
"1   23  4    2   4   5      6 5 3   ",
"1   23  4    23 5      4   3 5 1    ",
"1   23  4    3   2 4 1    2 5 4    1",
"1   23  4    3   5   6      5 6 2   ",
"1   23  4    3 5       6  5 6      2",
"1   23  4    3 5     2    1  45   1 ",
"1   23  4    3 5   4      3  15   4 ",
"1   23  4    4   5  32   1  54      ",
"1   23  4    4 2 5   3  5 3  1      ",
"1   23  4    4 3   31   2   1      5",
"1   23  4  1   24  4 3  5 3  4  1   ",
"1   23  4  1  56   2    5    6    3 ",
"1   23  4  1 1 2     3    3  54     ",
"1   23  4  1 3 2   4    5 3  2    1 ",
"1   23  4  5    3  41   5 3  1      ",
"1   23  4  5   63       4 6     3   ",
"1   23  4  5 2   1   3  5 2     3   ",
"1   23 32  4  13    54   5 1  4     ",
"1  2 3  2 1   34       1    523     ",
"1  2 3  2 4    5 4 1      4  123    ",
"1  2 3  2 4  3   4 45   5   3  1 5  ",
"1  2 3  3    2   1  43    1  5 5  3 ",
"1  2 3  3 4      5 36   6    2 4    ",
"1  2 3  4        5 42   2  5    3 6 ",
"1  2 3  4       52 3   6  25   4    ",
"1  2 3  4    2   4     5  13      6 ",
"1  234  4      4 5 41    3  5      2",
"1 2 34        15       66   1      5",
"1 2 34       2   3 4 5    3 52      ",
"1 2 34       5 2 6      4   1   5   ",
"1 2 34     1   2   3        5 4 6   ",
"1 2 34     1  14   5   3  3  6  4   ",
"1 2 34     1  34   4    5    63 6   ",
"1 2 34     1  5 4  3    3 42 5      ",
"1 2 34     1 1 3 2  54  2       3   ",
"1 2 34     1 1 4   24   2   563     ",
"1 2 34     1 3  2       2 5 43  4   ",
"1 2 34     1 4  5    3  2 4 1   3   ",
"1 2 34     2 4 1   1   3  1 2 5 4   ",
"1 2 34     2 5 1      4      15 4   ",
"1 2 34     2 5 3   23   2   65  6   ",
"1 2 34    15 2   1  3   6 5 4 2     ",
"1 2 34   2   4   5  6   4   1  1  2 ",
"1 23 4    1      2 5      4 6 3     ",
"1 2345          21  5        34 1   ",
