"     1    2  134    4   5  6       3",
"    12        31   4      2  35   6 ",
"    12        32   4    5    6  1 3 ",
"    12        34   45    5 3  3    6",
"    12       1 3 4  21    5 6 6     ",
"    12       13  4  5  1 3 2   5  4 ",
"    12       13  4  5  1 5  4  3 6  ",
"    12       234    4  1 1  5 3    6",
"    12       234    4  12   5  3   6",
"    12       3   4  5   6   2   4  1",
"    12       324    5    5 6  4    3",
"    12       342    5   6    5   1  ",
"    12     3  1  4 3  5  42   6     ",
"    12     3  12 4  5    43   5     ",
"    12     3  12 4  5   4 3    5    ",
"    12     3  2 3  4     31 4 5     ",
"    12     3  214   5   6 3    2    ",
"    12     3  3  4  41   42   5     ",
"    12     3  3  4  41  4 2    5    ",
"    12     3  3  4 54    42   5     ",
"    12     3  3 45  5    52   6     ",
"    12     3  314   5   5 2    6    ",
"    12     3  4  1 35   3 2    4    ",
"    12     3  4  1 35   3 2    5    ",
"    12     3  4  1 35   3 2  5 5    ",
"    12     3  4  1 5    63  2   2 3 ",
"    12     3  4  5 3  6  52   1     ",
"    12     3  4 3  5     32 511     ",
"    12     3  4 5   61   42   3     ",
"    12     3  4 5   61   62   3     ",
"    12     3  4 5   61  4 2    3    ",
"    12     3  4 5  6 1   43   2     ",
"    12     3  41    3  44 2    5    ",
"    12     3  41    5 6 5 2    3    ",
"    12     3  423   51   41    5    ",
"    12     3  432   5    41    5    ",
"    12     3  432   5    5   1 41   ",
"    12     3 124    5 2  43 5 5     ",
"    12     3 14     5   54  2     3 ",
"    12     3 3 4    5   65      1   ",
"    12     3 4 1    3 2  15   6     ",
"    12     3 4 1    5 6  23   5     ",
"    12     3 4 1    5 6  53   2     ",
"    12     3 4 3    5 6  61   2     ",
"    12     3 4 3    52   61   4     ",
"    12     3 45 2   1 3 51      6   ",
"    12   3       1 42    3  5   6  3",
"    12   3       1 43   2   5   6   ",
"    12   3       1 43   5   2   6   ",
"    12   3       4 35   2   6   1   ",
"    12   3       4 53   1   2   6   ",
"    12   3       4 53   2   6   1   ",
"    12   3       4 54   2   616     ",
"    12   3       4 54   5   63  2   ",
"    12   3      23 24    1   5  6   ",
"    12   3      23 42     5  16     ",
"    12   3      31 41  5  5 2  6    ",
"    12   3      43 45    2   1  6   ",
"    12   3      43 54     2  1 6    ",
"    12   3      43 54     2  16     ",
"    12   3      43 54    6 2    2  1",
"    12   3     4 5  6  3 12   3     ",
"    12   3     4 5  6  31 2    3    ",
"    12   3     4 5 45     1 2 6     ",
"    12   3    1  4 2        536 5   ",
"    12   3    1  4 2      5 3 6   4 ",
"    12   3    1  4 2    5   4   36  ",
"    12   3    1  4 5        23 62   ",
"    12   3    1  4 5        236 2   ",
"    12   3    1  4 52   5   6   6   ",
"    12   3    1  4 54   5  2   6  3 ",
"    12   3    1 43  2        5 65   ",
"    12   3    2  1 4        53 65   ",
"    12   3    2  1 4 5       63     ",
"    12   3    2  1 41     5  3 3  5 ",
"    12   3    2  4 1    3   4   5   ",
"    12   3    2  4 1   5 56   4     ",
"    12   3    2  4 5 1  4 1    6    ",
"    12   3    2  4 56     41  6     ",
"    12   3    2 41  4  3 51   6     ",
"    12   3    2 41  4  35 3    6    ",
"    12   3    2 45  4  356          ",
"    12   3    2 45  4  365          ",
"    12   3    2 45 5   343      1   ",
"    12   3    21 3 3   442      5   ",
"    12   3    21 4  4  5 46   5     ",
"    12   3    24 5  4  3 15   2     ",
"    12   3    3  1 24    1  5 4    6",
"    12   3    3  4 5    1 64      2 ",
"    12   3    3  4 52    4  6 5     ",
"    12   3    3  4 54    1  2    6  ",
"    12   3    3 45 6   3 51   2     ",
"    12   3    3 45 6   3 51   4     ",
"    12   3    31 4 4   5 56   2     ",
"    12   3    31 4 5   32 6    4    ",
"    12   3    34 5  6  35 1    6    ",
"    12   3    34 5 5   15 6    2    ",
"    12   3    4  1 2   4  35  5     ",
"    12   3    4  5 3   62 15        ",
"    12   3    4 3   1  4 5 2  6     ",
"    12   3    4 3  3   51  6    5   ",
"    12   3    4 31 1   442      5   ",
"    12   3    4 31 1   5 26   5     ",
"    12   3    4 35 5   6 46   2     ",
"    12   3   1   4  2       5 3 6   ",
"    12   3   1   4  2       5 6 3   ",
"    12   3   1   4  2      5   63   ",
"    12   3   1   4  5       2 3 6   ",
"    12   3   1   4  5       2 6 3   ",
"    12   3   14     5    5   3 4  6 ",
"    12   3   14  5  6  14   2 6  1  ",
"    12   3   2   1  4       5 6 3   ",
"    12   3   2   4  5     362 6     ",
"    12   3   2  4   4  31  5 6  5   ",
"    12   3   2 4    5  13   5   6   ",
"    12   3   24  5     4  65  3     ",
"    12   3   3   4  5 3 1  6    4   ",
"    12   3   3  4   1  554      2   ",
"    12   3   4   1  5     36  6     ",
"    12   3   4   1  5   3   45  6   ",
"    12   3   4   1  5   3 6 4     2 ",
"    12   3   4   5  6     1 5 2     ",
"    12   3   4   5  6   2 1 5     2 ",
"    12   3   4  5   3  61 2  5      ",
"    12   3   4  53  2        64 6   ",
"    12   3   41     5     2 4  6   5",
"    12   3   412    5  1  2 6 5    3",
"    12   3   42     3    5  6 4    1",
"    12   3   42     3   4    1 5  6 ",
"    12   3   42     5     1  5 6   1",
"    12   3   42     5   4    1  1  5",
"    12   3   43  1        2 4 3   5 ",
"    12   3   45  3  2    3 25   1   ",
"    12   3   45  6     5  2 6 1     ",
"    12   3 4     1 45   4 2    5    ",
"    12   3 4     1 45   4 2  5 5    ",
"    12   3 4     5 15    24   1     ",
"    12   3 4    2  56   1 4    3    ",
"    12   3 4    2  56   4 1    3    ",
"    12   3 4    2  56   41      3   ",
"    12   3 4  1  5 26    54   1     ",
"    12   3 4  1  5 26    54   6     ",
"    12   3 4  1 2  56   36      4   ",
"    12   3 4  1 4  4  3 51      2   ",
"    12   3 4  1 4  5  2 6    1 13   ",
"    12   3 4  1 5  2    3    5  4   ",
"    12   3 4  1 5  2    3  6    6   ",
"    12   3 4  12 5 2     54   3     ",
"    12   3 4  12 5 2     54   6     ",
"    12   3 4  2  5 65    54   6     ",
"    12   3 4  2 4  5 1   31   6     ",
"    12   3 4  3  5 4 1   52   6     ",
"    12   3 4  3  5 46    52   3     ",
"    12   3 4  3  5 46    52   6     ",
"    12   3 4  3 4  5         12 6   ",
"    12   3 4  3 4  5 1  2 6 3       ",
"    12   3 4  3 4  5 2  6 1 2       ",
"    12   3 4  34    52   31   6     ",
"    12   3 4  34    52  3 1    6    ",
"    12   3 4  4  5  51   52   1     ",
"    12   3 4  4  5 15    42   1     ",
"    12   3 4  5  6 21    64   5     ",
"    12   3 4  5  6 43    62   3     ",
"    12   3 4  5  6 43    62   5     ",
"    12   3 4  5 2  61   6 4  1 1    ",
"    12   3 4  51 6 4     62   5     ",
"    12   3 4  512  61   6 4    1    ",
"    12   3 4  52    34  3 1    6    ",
"    12   3 4  52 6 2     64   5     ",
"    12   3 4  54    32  3 1    6    ",
"    12   3 4  54 6  3    62   5     ",
"    12   3 4 1 4    5    24  33     ",
"    12   3 4 1 5    6     4  53     ",
"    12   3 4 125      2   4 3 5     ",
"    12   3 4 2 5    1        33 4   ",
"    12   3 4 215       1  4  53     ",
"    12   3 4 24 3      545      3   ",
"    12   3 4 25 4     2 6    1 13   ",
"    12   3 4 3  2   5   6 1 3       ",
"    12   3 4 3  4   5        1 62   ",
"    12   3 4 3 4    45    2  66     ",
"    12   3 4 3 5    5     1 6 2     ",
"    12   3 4 4  5   3        11 2   ",
"    12   3 4 4 1    3  5 52   6     ",
"    12   3 4 45           6 2 1   3 ",
"    12   3 4 45     6    52  1 1  2 ",
"    12   3 4 5  4   1      6  6 3   ",
"    12   3 4 5  4   6    14 2   5   ",
"    12   3 4 5  6   3        11 2   ",
"    12   3 4 5 1    1 2  36   4     ",
"    12   3 4 5 1    2 4  31   6     ",
"    12   3 4 5 4    3  6 14   2     ",
"    12   3 4 5 6    1        33 4   ",
"    12   3 4 5 6    1   3 4  6      ",
"    12   3 4 51           6  33   2 ",
"    12   3 4 514          4  513    ",
"    12   3 4 521    4 2   6  1 3    ",
"    12   3 4 521    4 2   6 31 3    ",
"    12   3 4 53 2       3 51    1   ",
"    12   3 4 541      4   2 6 1     ",
"    12   3 4 541    2 4   6  1 3    ",
"    12   3 4 541    2 4   6 31 3    ",
"    12   3 4 542        6   3   1   ",
"    12   3 4 562    4    41   5     ",
"    12  1     2  3 4     5 6  6   5 ",
"    12  1     34   4    5    6 3 5  ",
"    12  1    3   4   3  5   6 6  5  ",
"    12  1    3 2    2  4 5 6  6     ",
"    12  1    3 4   4    5    6  35  ",
"    12  1    324   4   12   5   3  6",
"    12  1    345    5   4    3   6  ",
"    12  1  3  24   3   5 4    6     ",
"    12  1  3  24   3 2  5      4    ",
"    12  1  3 3   4  25   5    6     ",
"    12  1  3 3 2    24   4    5     ",
"    12  1  3 4  3   5    13 2 6     ",
"    12  1  3 4 2       562      3   ",
"    12  1  3 4 3       543      2   ",
"    12  1  3 4 3 1  34  5      6    ",
"    12  1  3 4 5  5       2  53   6 ",
"    12  1  3 4 5  5     3   6   2  5",
"    12  1  34      5      25   3 2  ",
"    12  1  345  2  1  3 1 4     5   ",
"    12  13       4 5      26   1  2 ",
"    12  13       4 56   21      3   ",
"    12  13      45  6  3 15   2     ",
"    12  13     4 5 4   3 63   2     ",
"    12  13     4 5 45  3 63   5     ",
"    12  13    24   3   5 4  6 6     ",
"    12  13   1   4  5 6 53      6   ",
"    12  13   1   45   6 3 2    6    ",
"    12  13   1  43 35  1 64 3       ",
"    12  13   13  4 5     6  5    2  ",
"    12  13   3   1 1 4    5 4      6",
"    12  13   3   4  25   5  6 6     ",
"    12  13   3 4       546      2   ",
"    12  13   34  5 1     6 4      2 ",
"    12  13   4   5 6      6 3   42  ",
"    12  13   42 5      6 34   5     ",
"    12  13  4    5 3     6342       ",
"    12  2      3   45    6   45  6  ",
"    12  2      3 4 4     5 6    6 5 ",
"    12  2    3 1    1  4 5 6  6     ",
"    12  2    3 1    4  3 5  6    5  ",
"    12  2    3 1   4   5  4 5   3 6 ",
"    12  2    3 4    4  5 4 6  6     ",
"    12  2    3 4   4    5    6  35  ",
"    12  2    34  5 2 3   654        ",
"    12  2  3  3 4  54       34   1  ",
"    12  2  3 2 14  5     36         ",
"    12  2  3 3   4    5 5  4   64   ",
"    12  2  3 3 14  5     25   6     ",
"    12  2  3 4      5   5 4 3  1  2 ",
"    12  2  3 4  5 6     3    5 54   ",
"    12  2  3 4 15 6     3 4         ",
"    12  2  3 4 2    34  5      6    ",
"    12  2  34   5  5       6  3 6   ",
"    12  2  34   5  5  4 3       6   ",
"    12  23       4 56   2 1    3    ",
"    12  23   2   45     3  6    6   ",
"    12  23   3   1 24    5  43      ",
"    12  23   3  24 25    64  3      ",
"    12  23   3 1   4   55   6   4   ",
"    12  23   3 4       534      1   ",
"    12  23   3 4       564      1   ",
"    12  23   4   52   6  31   5     ",
"    12  23   4   55      3  6   64  ",
"    12  23   4   565     2  4 3     ",
"    12  23   4  35  5  65 4    6    ",
"    12  23   4 5       635      1   ",
"    12  23   45 6      456      3   ",
"    12  23  45 6       1  4 3  6    ",
"    12  3        454      62  1   6 ",
"    12  3      4 5 5      6  32   6 ",
"    12  3      4 5 5    2   6   6  3",
"    12  3     24   4   1 5  6      5",
"    12  3    345   5      61       4",
"    12  3    4 5 3        5  16   3 ",
"    12  3    4 5 3   1  6   3   5   ",
"    12  3  4   4 54     5 2    6    ",
"    12  3  4  42   5    3  1 6      ",
"    12  3  4  5  1 4    6    3   2  ",
"    12  3  4  54 1 4    6    3   2  ",
"    12  3  4 25         5    1    4 ",
"    12  3  4 3   56       1 2  4    ",
"    12  3  4 3 1 5        42  6     ",
"    12  3  4 4   3    2  54  6      ",
"    12  3  4 4 2  5  4    61 3      ",
"    12  3  4 5   14      24  3      ",
"    12  3  4 5   3   2    6  14     ",
"    12  3  4 5   3   2  5 4    6    ",
"    12  3  4 5  3    2  6   43  4   ",
"    12  3  4 5 1       5 42   6     ",
"    12  3  4 5 1    4 2 6    1 3    ",
"    12  3  4 5 4 1  42   31   6     ",
"    12  3  4 5 4 1  42  6    3  1   ",
"    12  3  4 5 6      4  62   4     ",
"    12  3  44  1       55 2    6    ",
"    12  3  45  1      4 3 6   4     ",
"    12  3  454          21   5  5   ",
"    12  34   2   1  5   53   6      ",
"    12 1    3  4  4   3    5    5  6",
"    12 21  3  4 5 6     3    5 4    ",
"    12 31  4 25         5    3   4  ",
"    121 23      34     12 4    5    ",
"    121 3  4 45         4   25  2   ",
"    121 3  4 5   3   4  5 2         ",
"    122 13      45  6  33 42      3 ",
"    122 13    4 5  5   64  5   3    ",
"    122 13   3      4    5   64   5 ",
"    122 3     24   4   1    565     ",
"    123 1      4 5 5      2 6 6    3",
"   1 2     3  142  54   5 3    4    ",
"   1 2     3  3  4 54    42   5     ",
"   1 2     3  32   45   4    6 3    ",
"   1 2     3  34 5  5   5 2    6    ",
"   1 2     3  4  5 3 6   52   1     ",
"   1 2     3 456    32  4    6 3    ",
"   1 2    3      1 34   2  5    6   ",
"   1 2    3      1 43   2  5    6   ",
"   1 2    3      4  3    2   15   6 ",
"   1 2    3      4 35   2  6    1   ",
"   1 2    3      4 53   1  2    6   ",
"   1 2    3      4 53   2  6    1   ",
"   1 2    3     45  6  32 1    3    ",
"   1 2    3    3 1 41  5  52  6     ",
"   1 2    3    3 4 45  1 1 2    6   ",
"   1 2    3    4 3 54     2  16     ",
"   1 2    3   1  4  42   5   36     ",
"   1 2    3   1  4  43   5  2 6     ",
"   1 2    3   1  4 2        5  36   ",
"   1 2    3   1  4 2    5  4    3 5 ",
"   1 2    3   1  4 5        6  32   ",
"   1 2    3   1  4 5        6 3 2   ",
"   1 2    3   12 4  4   5    3 6    ",
"   1 2    3   13 4  4   5   2  6    ",
"   1 2    3   14 3  2        5 65   ",
"   1 2    3   14 5  5     4  1 3    ",
"   1 2    3   14 5  5     4  1 6    ",
"   1 2    3   14 5 6      2  1 5    ",
"   1 2    3   2  1 4        5 3 6   ",
"   1 2    3   2  4 1    3  4    5   ",
"   1 2    3   2  4 1   5 56   4     ",
"   1 2    3   2  4 5  1 4 1    3    ",
"   1 2    3   2  4 56     4 1 6     ",
"   1 2    3   2 14  4  54 6    5    ",
"   1 2    3   2 45  4  31 5    2    ",
"   1 2    3   24 3  4  1 51   6     ",
"   1 2    3   24 5  4  365          ",
"   1 2    3   3  4 5      2  16   4 ",
"   1 2    3   3 14 5   32 6    4    ",
"   1 2    3   3 45  5   5  2   6    ",
"   1 2    3   3 45 5   15 6    2    ",
"   1 2    3   34 5 6   3 51   2     ",
"   1 2    3   34 5 6   3 51   4     ",
"   1 2    3   34 5 64  3 51   4     ",
"   1 2    3   42    1  4 5   36     ",
"   1 2    3   43    1  4 5  2 6     ",
"   1 2    3   43   3   5  1 6 2     ",
"   1 2    3   43   3   51   6   5   ",
"   1 2    3   43 1 1   442      5   ",
"   1 2    3   43 5 5   6 46   2     ",
"   1 2    3   45 3 5     16   2     ",
"   1 2    3  1   4  2      5  3 6   ",
"   1 2    3  1   4  2      5  6 3   ",
"   1 2    3  1   4  2  5 46   5     ",
"   1 2    3  2   4  1  5  65  3     ",
"   1 2    3  2  4   1  53 6         ",
"   1 2    3  2  4   5  13  5    6   ",
"   1 2    3  24  5     4  6 5 3     ",
"   1 2    3  245    1  4  5  1 3    ",
"   1 2    3  3 4    1  554      2   ",
"   1 2    3  4   5  2  652      6   ",
"   1 2    3  4  1   2  55 1    3    ",
"   1 2    3  4 5    6  31 2  5      ",
"   1 2    3  4 5 3  2        64 6   ",
"   1 2    3  41 2   5  1 5   4  23  ",
"   1 2    3  43  1     51  2    6   ",
"   1 2    3  45 1   2  5 513        ",
"   1 2    3  452    1  5 6  2 4     ",
"   1 2    34     5 24   45   3  3   ",
"   1 2    34    2  56   16      4   ",
"   1 2    34    4  43     1 2 5    1",
"   1 2    34    4  53    1   6  2   ",
"   1 2    34   2   56   14      3   ",
"   1 2    34   4   56   36      2   ",
"   1 2    34   4   56   36      4   ",
"   1 2    34  1 2  5         34 6   ",
"   1 2    34  1 25 2     54   6     ",
"   1 2    34  1 4  24   4    5  6   ",
"   1 2    34  12   56   36      4   ",
"   1 2    34  15   2    3   6   6   ",
"   1 2    34  24 5 4    25      6   ",
"   1 2    34  3  5 6    12  4   4   ",
"   1 2    34  3  5 6  4  14   2     ",
"   1 2    34  3 2   5 4  31   6     ",
"   1 2    34  3 4  4  1  15   6     ",
"   1 2    34  3 4  56   16      2   ",
"   1 2    34  34   5         12 6   ",
"   1 2    34  4  5  5 1 5 2    1    ",
"   1 2    34  4  5  5 4 5 2    3    ",
"   1 2    34  4 5  3         62 6   ",
"   1 2    34  5 16 4     62   5     ",
"   1 2    34  5 4   3 2  31   6     ",
"   1 2    34  5 4  4  2  31   6     ",
"   1 2    34  54       614     53   ",
"   1 2    34 1  4   5    24  33     ",
"   1 2    34 1 2    43    5  36     ",
"   1 2    34 1 2    5     4  36     ",
"   1 2    34 2  5   6        33 4   ",
"   1 2    34 21 5      1  4  53     ",
"   1 2    34 3 4    13  51      2   ",
"   1 2    34 4  1   3  5 52   6     ",
"   1 2    34 4 3    14  51      2   ",
"   1 2    34 4 3    54  15      2   ",
"   1 2    34 4 5    3        11 2   ",
"   1 2    34 4 5    3   1 2  5     1",
"   1 2    34 45 2     4  31   6     ",
"   1 2    34 5  4   3  6 14   2     ",
"   1 2    34 5  4   3 2  31   6     ",
"   1 2    34 51 4         43 51     ",
"   1 2    34 54         52   3  3 2 ",
"   1 2    34 54 2       6  3    1   ",
"   1 2    34 56 2   4    41   5     ",
"   1 2  1    3   4    3 5  6  6   5 ",
"   1 2  1    3   4 5   6  3 2   56  ",
"   1 2  1    3  4   5    6   35   6 ",
"   1 2  1  3 4    5       2 4  3   1",
"   1 2  1  34      5      2 5  3  2 ",
"   1 2  1  345 2     3  1 5    6    ",
"   1 2  1 3     45 4   3 63   2     ",
"   1 2  1 3     45 4   3 63   5     ",
"   1 2  1 3    4 55    3 13   4     ",
"   1 2  1 3  1  45 3   1 654        ",
"   1 2  1 3  1 4 3 53  1 643        ",
"   1 2  1 3  2 4 33    55 2    6    ",
"   1 2  1 3  4   1  5       6 6 3   ",
"   1 2  1 3  4  51  2     45 33     ",
"   1 2  1 3 4    5 6     3624       ",
"   1 2  1 3 43   1     4  52   6    ",
"   1 2  1 3 45   1     4  62   3    ",
"   1 2  2    34  5 2  3  6  4    5  ",
"   1 2  2  3 3   4   5  5   4  64   ",
"   1 2  2 3      343      1 56 5    ",
"   1 2  2 3      4 56   2 1    3    ",
"   1 2  2 3      445      3 6 6  2  ",
"   1 2  2 3  2  133    42 4    5    ",
"   1 2  2 3  3  4      534      1   ",
"   1 2  2 3  3  4      536      1   ",
"   1 2  2 3  3  4      546      1   ",
"   1 2  2 3  342   2   5 65  3      ",
"   1 2  2 3  4  5      635      1   ",
"   1 2  2 3  4 5       645      3   ",
"   1 2  2 3  456       4 23   5     ",
"   1 2  2 3  456       456      3   ",
"   1 2  2 3 45  6      1  43   6    ",
"   1 2  3    34  1 5       5   6    ",
"   1 2  3    4 5       4  2 6  6   1",
"   1 2  3  445          12   5  5   ",
"   1 2  3 4  4  5      66  5   51   ",
"   12      3     4 23    1  5   6   ",
"   12      3     4 32     1 5 6     ",
"   12      3     4 35     2 1 6     ",
"   12      3    45  6  1 12   3     ",
"   12      3    45 34     12   6    ",
"   12      3    45 34     12  6     ",
"   12      3    45 34     26  1     ",
"   12      3   4 5  6  2 21   3     ",
"   12      3   4 5  6  22 1    3    ",
"   12      3   4 5 34     1 6 2     ",
"   12      3   4 5 43    2  1   6   ",
"   12      3  1  4 53    1  6 5     ",
"   12      3  14 2 24  5 35   1     ",
"   12      3  2  4 34   2   1   5   ",
"   12      3  2  4 53    2  6 5     ",
"   12      3  3  1 4  5   62   5    ",
"   12      3  3  2 4 5    6  5 1    ",
"   12      3  3  4 4    5   1   6   ",
"   12      3  3  4 4    5  2    6   ",
"   12      3  3  4 4   2 25   6     ",
"   12      3  3  4 5   21 6 3       ",
"   12      3  3 45  6  14 1    6    ",
"   12      3  3 45 5   2 62   1     ",
"   12      3  34 5 5   1 61   2     ",
"   12      3  4  2 5      14  6   3 ",
"   12      3  4 1   5  45  2   6    ",
"   12      3  4 5  3   1  56  4     ",
"   12      3 1   4  5 6   4  63     ",
"   12      3 1  4   2  524      3   ",
"   12      3 14  2  5    4 2   5  6 ",
"   12      3 14  2  5    5  6  4    ",
"   12      3 2 4    1  514      3   ",
"   12      3 3   4  5   2    1  1 6 ",
"   12      3 324       5  4 1 6     ",
"   12      3 4   1  3  4 15   6     ",
"   12      3 4   2  3  4 25   6     ",
"   12      3 4  5   3  1  62   5    ",
"   12      3 41  2  2      5   35   ",
"   12      3 41  2  3      5  46    ",
"   12      3 42  1  1       5  35   ",
"   12      3 42  1  3    5 6  4     ",
"   12      3 42  1  3   4  5   6    ",
"   12      3 43  5     46   5   1   ",
"   12   1  3     4 5    2   3   36  ",
"   12   1  3    45 5    2  3   63   ",
"   12   1  3   4 25     4   3  36   ",
"   12   1  3  3 4  4   15    6 6 5  ",
"   12   1  3 3   245      5 6 6  2  ",
"   12   1  3 3 2 4      4   5  65   ",
"   12   1  334  1      4  25  6     ",
"   12   1  334 2       4  2 5  6    ",
"   12   1  334 5       4  5 6 2     ",
"   12   2  3     4 5      3 4 1  3  ",
"   12   2  3     4 5    1  3    3 4 ",
"   12   2  3     434    5    1  1 6 ",
"   12   2  3   4 5 5    1   3  63   ",
"   12   2  3 3   452     65 3       ",
"   12   2  3 34  2     4 25   1     ",
"   12   2  3 4  15      5  6   36   ",
"   12   2  3 4  3  5   1  4  5   2  ",
"   12   2  334  5      4  56  1     ",
"   12   2  343 2   2   5 64 5       ",
"   12   2  345 2   2   5 64 3       ",
"   12   3  4 5  46  4    36   5     ",
"   12   3  4 543   6   5  6  1    3 ",
"   12  23  4 3    4  3 5       54   ",
"   12 1 2  3  4  5 3    4  5   5  6 ",
"   12 3 2  4 4 3 5  3   4 5         ",
"   123        1  2 3   4    5 5 6   ",
"   123        2  4 5     163  3   6 ",
"   123        2  4 5     63  1    6 ",
"   123        3  2 2   45   3   6 4 ",
"   123        3 41 1   52  5    6   ",
"   123        4  5 6      2 1 3     ",
"   123        4  5 6    1   5   3  1",
"   123        4  5 6    3   5   13  ",
"   123        4  5 6    3 2 4      2",
"   123        4  5 6   13 26        ",
"   123        4  5 6 4   23   1     ",
"   123        4  5 6 4  1 3 4      1",
"   123        4 5  5   12  6    3   ",
"   123        45 6 5    1   6   3   ",
"   123       1   4  3   5 64      6 ",
"   123       2   4  3   5 64      6 ",
"   123       21  4        45  6  3  ",
"   123       3   4  1  2  54  6     ",
"   123       3   4  2  1   5  5 6   ",
"   123       3   4  2  1  5 4 6     ",
"   123       3  41  1  2  54  6     ",
"   123       4   2  5   3  6    1   ",
"   123       4   2  5  63 1 4       ",
"   123       4   2  56  3 1  5      ",
"   123       4  5   5  6 13   2     ",
"   123       4 3    5  6  2 3 1     ",
"   123       4 3    5  61 2 3       ",
"   123       4 5    5  6 23   1     ",
"   123       45  6      2   6   3   ",
"   123       45  6     43   6   2   ",
"   123       45 3      5  1  23  6  ",
"   123       45 6      43  6    1   ",
"   123       45 6      52  6    1   ",
"   123       456       43   6   2   ",
"   123       456       53   6   2   ",
"   123     4    3  32   4    1  5   ",
"   123     4    3  32   5    1  6   ",
"   123     4    5  56   2  4    1   ",
"   123     4    5  65     23  1     ",
"   123     4  1 3  2 4       55 6   ",
"   123     4  1 4  5     3   22 6   ",
"   123     4  12   3      5 4 6   1 ",
"   123     4  12   3 4  5   1   6   ",
"   123     4  2  5 6    1   4  34   ",
"   123     4  2  5 6    13  4   4   ",
"   123     4  2 4  5 2  3   1  16   ",
"   123     4  23   1 5  4 6         ",
"   123     4  23 5 3     54   1     ",
"   123     4  3 4  5    2    6 16   ",
"   123     4  4  5 6  3 2       1   ",
"   123     4  4 5  6 3  1 2         ",
"   123     4  5    4    2   16  1 3 ",
"   123     4  5  1    3 35   6 46   ",
"   123     4  5 4  6    3 2 5     3 ",
"   123     4  5 4  6   13 2         ",
"   123     4  5 4  6  1   12  3     ",
"   123     4  5 4  6 3  1 2         ",
"   123     4 1      2     4  56   3 ",
"   123     4 1      2   5   3   4  6",
"   123     4 1  5   2     4  56     ",
"   123     4 1  5   2     46 56     ",
"   123     4 1 2    2     5 6 4     ",
"   123     4 1 4    3   5    2  6   ",
"   123     4 1 5    2   6 4  5      ",
"   123     4 12           4 5 6   3 ",
"   123     4 2  1   1     56  4     ",
"   123     4 2  3   4     1  56     ",
"   123     4 2  4   1   5  3    6   ",
"   123     4 2  4   3   5    1  6   ",
"   123     4 2 4    5     3  116    ",
"   123     4 2 5    1     4  56     ",
"   123     4 2 5    1 3 4 6         ",
"   123     4 235        5   1   6   ",
"   123     4 235      3   4  56     ",
"   123     4 31 5       6    2  4   ",
"   123     4 31 5      1  4  56     ",
"   123     4 32         5    1  6 4 ",
"   123     4 32 1     3 5    1  6   ",
"   123     4 324      3 4    1  5   ",
"   123     4 4  3   54  1    6  3   ",
"   123     4 45 3       3    6  2   ",
"   123     4 456      4 1    6  3   ",
"   123     4 5   2  64       13 1   ",
"   123     4 5   2  64  3 1         ",
"   123     4 5  3   4  62       1   ",
"   123     4 5  3   6      2  2 1   ",
"   123     4 5  4   6   3    2  1   ",
"   123     4 5  6   6     12  3     ",
"   123     4 5 2    6 4  12   3     ",
"   123     4 5 3    4  61       2   ",
"   123     4 5 3    6       1 1 2   ",
"   123     4 5 3    6   1 2  5    1 ",
"   123     4 5 34   4 5 1 2         ",
"   123     4 5 4    6   3    1  2   ",
"   123     4 5 63   6   1 2 5       ",
"   123     4 53          45 1 1 6  5",
"   123    45     2 23   5    1  6   ",
"   123    45   5   56   1    4  3   ",
"   123    45  1  2 3 4  6 5         ",
"   123    45  1  2 3 5  4 6         ",
"   123    45 53         3 6  4 45   ",
"   123    45 6 5    1  4 25   3     ",
"   123    45 6 5    5     3  12     ",
"  1  2     1   3  34      52  6   5 ",
"  1  2     3 4  25    3  6   4  5   ",
"  1  2     3 4  3 3   2 5    4 6    ",
"  1  2     3 4  5 5   4   2   6     ",
"  1  2     3 4  5 5   4 6       2   ",
"  1  2     3 4 2 5   3   6   4  5   ",
"  1  2     3 4 3 5   2   6   45     ",
"  1  2     3 4 5  5  4   6      2   ",
"  1  2     33  2   4 3  5    4 6    ",
"  1  2     34   5  5  4   2   6     ",
"  1  2     34   5  5  4  6      2   ",
"  1  2    1   23 4 3     4 5  6     ",
"  1  2    1  2 3    3  4 4 5  6     ",
"  1  2    1  3 4    4  54  6   6    ",
"  1  2    1  3 4   4   3  5 6    5  ",
"  1  2    3   2  4 54    2   5   3  ",
"  1  2    3   24   4 1   5    6     ",
"  1  2    3   24   4 1  5      6    ",
"  1  2    3   4  5 2 4   5 6  6     ",
"  1  2    3  12 4  4   1 5   4   3  ",
"  1  2    3  124   4   3  3  4    5 ",
"  1  2    3  2  1451      5  1   6  ",
"  1  2    3  2  41 14    5   4   6  ",
"  1  2    3  2 4 1  42  5      6    ",
"  1  2    3  2 4 5      1  6    4   ",
"  1  2    3  4   1  56  2    5    6 ",
"  1  2    3  4   1 12     5  4   6  ",
"  1  2    3  4 1    24  5      6    ",
"  1  2    3  4 2 1  24   5    6     ",
"  1  2    3  4 5  5  4  6       2   ",
"  1  2    3 4  5   2   65   6   4   ",
"  1  2    3 43   5 5       6      4 ",
"  1  2  3  4     5 6     1  2 5   4 ",
"  1  2  3  4     5 6    5   2  1  4 ",
"  1  2  3  4   5 65     3  4  1   6 ",
"  1  2  3  4 1 5   3  2     6  5    ",
"  1  2  3  4 3  4  1 5      6   5   ",
"  1  2  3  4 5  2 1   4     5 6     ",
"  1  2  3  43   2  5  4      56     ",
"  1  2 2   1      3  4   5   44   6 ",
"  1  2 2   1    3 4  5  5      6  4 ",
"  1  2 2   1   3 43  5  6       5   ",
"  1  2 2   13   4    5  4   6   6   ",
"  1  2 2   13  4    43  5   6  6    ",
"  1  2 2   3 4 5  5  4          3 1 ",
"  1  2 2  1    3 43  5    5  64     ",
"  1  2 2  1 3  4       5  46  6     ",
"  1  2 3   1  4 3  5    6   1     2 ",
"  1  2 3   1  4 3  5    6   2     1 ",
"  1  2 3   1 24         4  5    3 6 ",
"  1  2 3   4  2 1  5    6  3      4 ",
"  1  2 3   4  21   5    6   5    4  ",
"  1  2 3   4  43 5   2   5    6     ",
"  1  2 3   4  54  3  2   5   36     ",
"  1  2 3  1      43 4   5   6  6    ",
"  1  2 3  1    4 5  4     51  3     ",
"  1  2 3  1    4 5  5    1  6 6     ",
"  1  2 3  1   4  5   4   4  6 6  2  ",
"  1  2 3  1   43 5   1   5    6     ",
"  1  2 3  4    5  5 6    2   6   4  ",
"  1  2 3  4    5 65       2 1 3     ",
"  1  2 3  4   35 45      1  6 3     ",
"  1  22    1 3  4     5   6    4    ",
"  1  22    1 3 4     5    6    4    ",
"  1  22    1 3 4     5   4      6   ",
"  1  22    1 3 4    45   5  3       ",
"  1  22    3  45   5 4     3  6     ",
"  1  22    3 4 3     2  5    1  6   ",
"  1  23    1 4  2     1   5  36     ",
"  1  23    1 4 2     1    5  36     ",
"  1  23    4 1  2  5  4      3  6   ",
"  1  23    4 1  2  5  4     3   6   ",
"  1  23    4 1 4   5 2       3  6   ",
"  1  23    4 5  2     4 6    1  3   ",
"  1  23    4 5  2   31      5 6     ",
"  1  23    4 5  2  1  4     3   6   ",
"  1  23    4 5  4     2   3  16     ",
"  1  23    4 5  4     2 6    1  3   ",
"  1  23    4 5 2     4    6  31     ",
"  1  23    4 5 2     4  6    1  3   ",
"  1  23    4 5 2   1 4     3    6   ",
"  1  23    4 5 4     2    6  31     ",
"  1  23    4 5 4     2  1    3  6   ",
"  1  23    4 5 4   1 2       3  6   ",
"  1  23   4   52   3   4     1 6    ",
"  1  23   4  3   4  25  2   1      6",
"  1  23   4  4 5 6  2   2   6      4",
"  1  23   4  5 2     1    6  34     ",
"  1 2      1  2  3 4 2   5 6  6     ",
"  1 2      1  23 4 3     4 5  6     ",
"  1 2      1  3  4 5 3     6   6    ",
"  1 2      1 2 3 4 4    5   6    5  ",
"  1 2      1 3   4 4 3    2 5 6     ",
"  1 2      1 3   4 4 3    56      5 ",
"  1 2      1 3 4   4   3  2 5 6     ",
"  1 2      1 3 4   4   3  3 5  2    ",
"  1 2      1 3 4 24  3    4 5 6     ",
"  1 2      3  24   4 1   5    6     ",
"  1 2      3  24 5 45    1 3      6 ",
"  1 2      3  34 5 4     5   26     ",
"  1 2      3 1   45       6 5      1",
"  1 2      3 1 2 4  5  1  6 3 5     ",
"  1 2      3 2 4 1  5   1  6    4   ",
"  1 2      3 2 4 5  5   5   6  1    ",
"  1 2      3 2 4 5  63  3    1  5   ",
"  1 2      3 2 4 55       3 6  6    ",
"  1 2      3 3   1 45    1 6    4   ",
"  1 2      3 4   1  25  6   1      5",
"  1 2      3 4   5 5 4    2 6       ",
"  1 2      3 4   5 5 4    4 6 2     ",
"  1 2      3 4   5 5 4  2   6       ",
"  1 2      3 4 1    24   5    6     ",
"  1 2      3 4 1    24  5      6    ",
"  1 2      3 4 2 1  25  6   1      5",
"  1 2      3 4 2 51  4    5 4      1",
"  1 2      3 4 5   5   4  5 6 2     ",
"  1 2      3 4 5   5   42   6       ",
"  1 2      3 4 5  5  4  6       2   ",
"  1 2      3 4 5 65       3 4  2    ",
"  1 2      3 4 5 66       3 4  2    ",
"  1 2      32    4 4   2  3 5 5     ",
"  1 2      32  4   1   5  6 4      1",
"  1 2      34    2 2   4  3 5  5    ",
"  1 2      34  2   3   5  3 4      6",
"  1 2      34  3   5 6   6   52     ",
"  1 2  2   1   3 43     4  5    6 4 ",
"  1 2  2   1  34  4     5    6 6    ",
"  1 2  2   1 134          56       3",
"  1 2  2   13  4       5  46  6     ",
"  1 2  2   13  4    4  55    3   6  ",
"  1 2  2   3     4  5   6   3  1   2",
"  1 2  2   3  45 6   2  5   6  4    ",
"  1 2  3   1  21   4    5    4   6  ",
"  1 2  3   4  4  5   6  5    1   2  ",
"  1 2  3   4  43 5       5    6     ",
"  1 2  3   4  5  6   5   2  3 1     ",
"  1 2  3   41  5       63  4    5  1",
"  1 2 3    1   4 2  5     4 1 6     ",
"  1 2 3    1 4   5   6    5 3 2     ",
"  1 2 3    4 1 5   5   1  6 3    4  ",
"  1 2 3    4 2 5 1 1      4 6      3",
"  1 2 3    4 5 4       2  41       6",
"  1 23           4 1      3  25  6  ",
"  1 23           4 53     6  1    6 ",
"  1 23           456     12 4       ",
"  1 23          14  2  5 5  4 6     ",
"  1 23         4 51     2 3 6       ",
"  1 23         4 51     3 2 6       ",
"  1 23         4 51     6 2 3       ",
"  1 23        2  1 4      5 3  6    ",
"  1 23        2  4 3   52   4 6   5 ",
"  1 23        23 4 3 1   4    5     ",
"  1 23        23 4 3 1  5      4    ",
"  1 23        24   3    56   2    6 ",
"  1 23        3  2 4 5       61     ",
"  1 23        34   2    5   1      6",
"  1 23        34   2 1   5    6     ",
"  1 23        4 3      5 3   14    6",
"  1 23        45   2   16      3    ",
"  1 23       1   456      3 45      ",
"  1 23       1 3   3   4  4  2    5 ",
"  1 23       1 4 5 54     51       6",
"  1 23       2   1 4 3    5  63     ",
"  1 23       2   4 13     4  2    5 ",
"  1 23       231       2 4   55   4 ",
"  1 23       3   1 4   2  5 3  6    ",
"  1 23       3   4 1 3    4  2    5 ",
"  1 23       3   456      3 16      ",
"  1 23       3 1    4  5 2  6 6     ",
"  1 23       341    5    5 6       4",
"  1 23       341    5   5  6       4",
"  1 23       4    3       56  2    1",
"  1 23       4    5     3    2  26  ",
"  1 23       4   1   5  4   6  2    ",
"  1 23       4   5 2   6  2 6 3   5 ",
"  1 23       4   5 2   63   5   2 6 ",
"  1 23       4 5    3  2     61     ",
"  1 23       431    5    5 6  1    4",
"  1 23       432       5  6 12      ",
"  1 23       45 1      6  6  53     ",
"  1 23       453       6  6  53     ",
"  1 23      14 3   3   2  5  6    5 ",
"  1 23      14 3   3   5  2  6    5 ",
"  1 23      2    4 3   5  2 4 6   5 ",
"  1 23      3  4   5      2  6 6  1 ",
"  1 23      34 2       5  6 1  2    ",
"  1 23      4  2   5   6 3  5 2   6 ",
"  1 23      43 2       5  6 1 2     ",
"  1 23      45 2       5  6 12      ",
"  1 23      45 3       5  2 36      ",
"  1 23      45 3       6  2  43     ",
"  1 23     1     4 53   31      5   ",
"  1 23     1    3 43      2 5 6     ",
"  1 23     1    3 45      5  6 1    ",
"  1 23     1  2 4  3 2   5    6     ",
"  1 23     1  2 4  5        3 36    ",
"  1 23     1  4 5  3    6  2   2    ",
"  1 23     1  4 5  3 1  6      2    ",
"  1 23     1  435  3 1   2    6     ",
"  1 23     1  435  3 1  6      2    ",
"  1 23     1  45   2    63          ",
"  1 23     1  45   3    6      2    ",
"  1 23     1 2  3 45      4 62      ",
"  1 23     1 2  343     21   54     ",
"  1 23     1 2 3    4        556    ",
"  1 23     1 2 4    3    14 5 5     ",
"  1 23     1 2 4    4   5   3  3    ",
"  1 23     1 2 41   4    3  5 5     ",
"  1 23     1 321     3   4   55     ",
"  1 23     1 4    5       2 363     ",
"  1 23     1 4    5       3 622     ",
"  1 23     1 4  3 3     2  5    5   ",
"  1 23     1 4  5 5        2   32   ",
"  1 23     1 4  5 5      32  5   2  ",
"  1 23     1 4 2  2       5 6 3     ",
"  1 23     1 4 3     1    52  6     ",
"  1 23     1 431     3    5  6 2    ",
"  1 23     114 3   2     52   4     ",
"  1 23     124            5 363     ",
"  1 23     134            5 622     ",
"  1 23     134            56  2     ",
"  1 23     134            56 22     ",
"  1 23     134 1     3    52  6     ",
"  1 23     134 1     3    52 6      ",
"  1 23     14      5        32 32 5 ",
"  1 23     14      5      2 6 3     ",
"  1 23     14      5      3  62     ",
"  1 23     14      5      3 622     ",
"  1 23     14      5    3    2  26  ",
"  1 23     14   5  5  4   2    3    ",
"  1 23     14   5  5  4 3       2   ",
"  1 23     14  2   2      5 6  3    ",
"  1 23     142            5 36 3    ",
"  1 23     145            23 6 3    ",
"  1 23     145 1     3    4  6 2    ",
"  1 23     4     565      3 4 2     ",
"  1 23     4    3  56   61      2   ",
"  1 23     4    3 25      4 16      ",
"  1 23     4    3 25      6 41      ",
"  1 23     4    4 56     23   1     ",
"  1 23     4    5 62      3 45      ",
"  1 23     4   2 5 5     43   6     ",
"  1 23     4  3 4  2         556    ",
"  1 23     4  325  25    5  3    4  ",
"  1 23     4  325  6    13          ",
"  1 23     4  34   5 3  6    1  2   ",
"  1 23     4  4  5 2    63 4        ",
"  1 23     4  4  5 2 4   3    6     ",
"  1 23     4  5  2 3 1  6      2    ",
"  1 23     4  5 4  2    63   5      ",
"  1 23     4  5 4  2  3  62   5     ",
"  1 23     4  53       65 2   3     ",
"  1 23     4  54   2  1 63          ",
"  1 23     4  54   3    62   1      ",
"  1 23     4  54   3   16      2    ",
"  1 23     4  54   3  1 62          ",
"  1 23     4 1 25  2      4 3      5",
"  1 23     4 1 5  6      462        ",
"  1 23     4 15 4     3 1 2   6     ",
"  1 23     4 2    5      3  1   6 4 ",
"  1 23     4 2  1   5   4   3   6   ",
"  1 23     4 2  1   54  6      3    ",
"  1 23     4 2  1   54  63          ",
"  1 23     4 2  3  5      6  2 1    ",
"  1 23     4 2  3  5      6 12      ",
"  1 23     4 2  3 5       4 16      ",
"  1 23     4 2  4  5      6  2 1    ",
"  1 23     4 2  4  5  3  12   6     ",
"  1 23     4 2  4  54     6  2 1    ",
"  1 23     4 2  4 5       6 31      ",
"  1 23     4 2  51  5 4 6      3    ",
"  1 23     4 2 1    3   5   6  6    ",
"  1 23     4 2 1    3 4 5      6    ",
"  1 23     4 2 3   5 4  6    1  2   ",
"  1 23     4 2 4   5 3   12   6     ",
"  1 23     4 2 4   5 3  6    1  2   ",
"  1 23     4 2 4   5 3  6  2 1  2   ",
"  1 23     4 234   5 3    62 1      ",
"  1 23     4 3  4  12     4 3      5",
"  1 23     4 3  4 5       2 16      ",
"  1 23     4 3  4 5  2  6    2  5   ",
"  1 23     4 3 21   24  5      6    ",
"  1 23     4 3 25   6   6 3         ",
"  1 23     4 35         5 4  2 2  4 ",
"  1 23     4 35    6    5    2    4 ",
"  1 23     4 4   56     2   3  36   ",
"  1 23     4 4   56     2 4 3  3    ",
"  1 23     4 4 3 2      2 5    6    ",
"  1 23     4 4 5    6   61          ",
"  1 23     4 43         3 5  1 1   5",
"  1 23     4 452         1 6  5     ",
"  1 23     4 5      2   1 6 4     3 ",
"  1 23     4 5    2       34  6   1 ",
"  1 23     4 5    2     3  4    4 6 ",
"  1 23     4 5    3       4 622     ",
"  1 23     4 5    3     2   1   6 4 ",
"  1 23     4 5    6         322 3 5 ",
"  1 23     4 5    6      3 1    2   ",
"  1 23     4 5  1   2   6   3   3 4 ",
"  1 23     4 5  1   34  6      2    ",
"  1 23     4 5  1  2 4    62   1    ",
"  1 23     4 5  3  2  4  12   6     ",
"  1 23     4 5  3  2  4 6    2 12   ",
"  1 23     4 5  3 6       2 41      ",
"  1 23     4 5  4     3 21      6   ",
"  1 23     4 5  4  2  3  12   6     ",
"  1 23     4 5  4  2  3 6    2 12   ",
"  1 23     4 5  4 6       5 322     ",
"  1 23     4 5  6    2  31      4   ",
"  1 23     4 5  6 6     2  1    3   ",
"  1 23     4 5  6 6     2 31        ",
"  1 23     4 5  6 6   5   32  2     ",
"  1 23     4 5 3       624      3   ",
"  1 23     4 5 3     4  12      6   ",
"  1 23     4 5 3    2    4   62     ",
"  1 23     4 5 3    34  6    1  2   ",
"  1 23     4 5 3   2 4    62 1      ",
"  1 23     4 5 3   2 4  6    1  2   ",
"  1 23     4 5 3  3       4  62     ",
"  1 23     4 5 3 2       4   62     ",
"  1 23     4 5 3 2      2 6    4    ",
"  1 23     4 5 4     3    6  1 2    ",
"  1 23     4 5 4     3    6  12     ",
"  1 23     4 5 4     3  12      6   ",
"  1 23     4 5 4   2 3   12   6     ",
"  1 23     4 5 4   2 3  6    1  2   ",
"  1 23     4 5 4  61     36  1      ",
"  1 23     4 5 4 6       36   1     ",
"  1 23     4 5 4 6 1     36  1      ",
"  1 23     4 5 41 6      36   1     ",
"  1 23     4 52         63  4     3 ",
"  1 23     4 52    3      53       6",
"  1 23     4 534     3   12   6     ",
"  1 23     4 534     3  6    1  2   ",
"  1 23     4 56 3  3  4  1    2     ",
"  1 23     413           53  14    5",
"  1 23     415          4  6    5   ",
"  1 23     42      5       4 63   1 ",
"  1 23     42      5    3   1   6 4 ",
"  1 23     425            4 363     ",
"  1 23     425          3    6  64  ",
"  1 23     425          3   1   64  ",
"  1 23     425          6 5 4     3 ",
"  1 23     43      5      4 622     ",
"  1 23     43      5      64  2   1 ",
"  1 23     43      5    2    6  6 4 ",
"  1 23     43      5    2   6   6 4 ",
"  1 23     43  4   2 3  5    6  2   ",
"  1 23     43  4   5 3    62 1      ",
"  1 23     431           43  1     5",
"  1 23     431          54   1  3  5",
"  1 23     435            6 4 2    1",
"  1 23     435            64  2   1 ",
"  1 23     435            64  2   6 ",
"  1 23     435  4     3 6 2     5   ",
"  1 23     45      3      4 62 2    ",
"  1 23     45      6        322 3 1 ",
"  1 23     45      6    3   1   2 4 ",
"  1 23     45   3     4 21      6   ",
"  1 23     45  2   3  4 6    2  5   ",
"  1 23     45  3      6 3    11 2   ",
"  1 23     45  4     3    6  12     ",
"  1 23     452          36  4   2 3 ",
"  1 23     456            34  2     ",
"  1 23     456  3     4 2 5         ",
"  1 23     456  4     3 2 5         ",
"  1 23     456  4     3 2 6         ",
"  1 23    14 3 4 1  4    2   55     ",
"  1 23    14 5    6       2 3 3    2",
"  1 23    14 5    6       3  22    1",
"  1 23    14 5    6      2   1  3  2",
"  1 23    14 5    6     3    1  2 3 ",
"  1 23    142      5    3   6   4  2",
"  1 23    145      6      3  22    1",
"  1 23    41  5  4 3    62          ",
"  1 23    41  54   3     2    6     ",
"  1 23    41 5    2       6  43     ",
"  1 23    41 5    3     2    6  4 3 ",
"  1 23    41 5    6       3  22   3 ",
"  1 23    4125            6  43     ",
"  1 23    4135            6  42     ",
"  1 23    4135            64 22     ",
"  1 23    415      6      2  4 3    ",
"  1 23    415      6      3  22   3 ",
"  1 23    415      6      3  42     ",
"  1 23    4153            6  4 2    ",
"  1 23    45 1   43      53         ",
"  1 23   1       2 43     2 56      ",
"  1 23   1       4 5      34  2   3 ",
"  1 23   1       4 5     2  3   36  ",
"  1 23   1       423        5 65    ",
"  1 23   1       432        5 56    ",
"  1 23   1       434      5 6 2     ",
"  1 23   1       445       3  2 6   ",
"  1 23   1       453      2 6 1     ",
"  1 23   1       454        6 23    ",
"  1 23   1       456     32   1     ",
"  1 23   1      12  2  4 5  3 6     ",
"  1 23   1      12  2  4 54   6     ",
"  1 23   1      12  2  45 4    6    ",
"  1 23   1     2 4  3       5 56    ",
"  1 23   1     2 4 3    56      3   ",
"  1 23   1    4  5 3        6 62    ",
"  1 23   1    4  5 3     2  6 6     ",
"  1 23   1    4 3  5   621      6   ",
"  1 23   1    43   3   2     565    ",
"  1 23   1   1   4 2  5   43 2      ",
"  1 23   1   12  4 3     5 23       ",
"  1 23   1   23 4  1   5  53 2      ",
"  1 23   1   3   1    4 4    5 6    ",
"  1 23   1   3   2  43       565    ",
"  1 23   1   4   25       3 4      6",
"  1 23   1   4   5 35     4 1 2     ",
"  1 23   1   4   5 56   6    2  4 3 ",
"  1 23   1   4   55       36   2    ",
"  1 23   1   4   56  4  32      4   ",
"  1 23   1  32 4       2  4 5 6    4",
"  1 23   1  43  5      6  5  2 1    ",
"  1 23   1  45   1     4 2 3    6   ",
"  1 23   1  45 2       5    6   2   ",
"  1 23   1 4     5 64    35   1     ",
"  1 23   1 4    3 23      4  5 6    ",
"  1 23   1 4 2  3   5    42   5 6   ",
"  1 23   1 4 5   6  4    36   1     ",
"  1 23   1 423 4      3   4  56     ",
"  1 23   1 425 3          2  64     ",
"  1 23   1 435            6 4 2     ",
"  1 23   1 45      2      6 4  3    ",
"  1 23   1 45  4     3  12      6   ",
"  1 23   1 453            4  6 2    ",
"  1 23   4       231      3 5 4     ",
"  1 23   4       235      6 41      ",
"  1 23   4       535      4 6 2     ",
"  1 23   4      422    53 5    1    ",
"  1 23   4      543     5 2    6    ",
"  1 23   4   1 2 553   4 63         ",
"  1 23   4   2   5  31   15   6     ",
"  1 23   4   2  14 13    54  2      ",
"  1 23   4   3   2  2  45      6    ",
"  1 23   4   3   55       63   2  6 ",
"  1 23   4   3   55      2  6   63  ",
"  1 23   4   32  5 1   2 53         ",
"  1 23   4   4   23     1 3 5       ",
"  1 23   4   5   1   6   35  2      ",
"  1 23   4   5  64 36      2 5      ",
"  1 23   4  13   5 6    2 3    5    ",
"  1 23   4  25            3 646     ",
"  1 23   4  35 1       5  4 6  2    ",
"  1 23   4  4    2 3     13 5       ",
"  1 23   4  41   5 2     64 3       ",
"  1 23   4  52 1       2 3   56     ",
"  1 23   4 1     525    13      2   ",
"  1 23   4 1    3  56   4 5    1    ",
"  1 23   4 1    3 35    46      2   ",
"  1 23   4 1   2 5 5    13      4   ",
"  1 23   4 1   3   56   2 5    1    ",
"  1 23   4 1   3  56      5  4 2    ",
"  1 23   4 1 2   5  3    15  44     ",
"  1 23   4 1 2   5  3 4  15   6     ",
"  1 23   4 1 2  3  56   4 5    1    ",
"  1 23   4 1 2  3 5     6 5    1    ",
"  1 23   4 1 3   5    4  15  44     ",
"  1 23   4 1 3   5  6    15   2     ",
"  1 23   4 1 3   51  3  52      6   ",
"  1 23   4 1 3  45      3 5    6    ",
"  1 23   4 1 3  45      5 3    6    ",
"  1 23   4 1 3 1    5   4 3    2    ",
"  1 23   4 1 5    6     3 2 1     3 ",
"  1 23   4 1 5  4 61     36  4      ",
"  1 23   4 1 53         6   45 1    ",
"  1 23   4 156            2  43     ",
"  1 23  2    4   5   6   1  5   41  ",
"  1 23  2    4 1 51       46      5 ",
"  1 23  2    4 5       46  1      6 ",
"  1 23  2  4 1  4    5   53 1       ",
"  1 23  2  4 5  4 6         12      ",
"  1 23  2  45  4      6 1 5  62     ",
"  1 23  2  456  4     3 2 5         ",
"  1 23  21   1 4       5  3  1 4    ",
"  1 23  24     5 6      3 6  4 1    ",
"  1 23  3    1   4 3 1    56      4 ",
"  1 23  3    1   4 3 1   456        ",
"  1 23  3    1   4 3 1   5 6      4 ",
"  1 23  3    3 1   1   4 546        ",
"  1 23  3    4   25  6      16      ",
"  1 23  3  4 4  3   5   2 4 1       ",
"  1 23  3  4 52         6   4     3 ",
"  1 23  31 4 4  3   5    24   5     ",
"  1 23  4      1 21  5  6 5         ",
"  1 23  4    156   4       3 5      ",
"  1 23  4    156   4 5     3 5      ",
"  1 23  4    2 5  1     3    4    6 ",
"  1 23  4    456   1       2 5      ",
"  1 23  4    456   1 5     2       5",
"  1 23  4  1   5       61 5 6 4     ",
"  1 23  4  1 4 3 2      5 2    1    ",
"  1 23  4  5    5 1     4 6  25     ",
"  1 23  4  5   35       1 3  24     ",
"  1 23  4  5   35    2  1 5   4     ",
"  1 23  4  5   5 2   6  1 2   4     ",
"  1 23  4  5   53    6  4 3   1     ",
"  1 23  4  5   63    5  1 3   4     ",
"  1 23  4  5 2  5 1  3       63     ",
"  1 23  4  51  2      5 4 6   5     ",
"  1 23  4 51   5 2      1 5 6 4     ",
"  1 23 2       3 4  41  5      6    ",
"  1 23 2       4 5      1  3    6 1 ",
"  1 23 2     341          56       4",
"  1 23 2    4  1       52  6    5   ",
"  1 23 2    4  1       55  6    6   ",
"  1 23 2   4     56     1   5   3   ",
"  1 23 2   4 5   1  4     6 32    1 ",
"  1 23 2 1   4  5 1      3    6 4  2",
"  1 23 2 4   4  5 2   4       51    ",
"  1 23 24  1 5   4   3    51 2      ",
"  1 23 3         4 56     4 16      ",
"  1 23 3      41  5  6  14          ",
"  1 23 3    3  4    5  6 5   1    6 ",
"  1 23 3    4  1       51  6    6   ",
"  1 23 3    4  1    5   6  5       4",
"  1 23 3    4  5       66  1    5   ",
"  1 23 3    4 56       2 5   61     ",
"  1 23 3   13 4         14 5  2     ",
"  1 23 3   4     56       24  1   5 ",
"  1 23 3   4     56     1   5   24  ",
"  1 23 3   4  4  5   1  6      5    ",
"  1 23 4   1  5  4   3  51          ",
"  1 23 4   5  51       6 2 5  5   6 ",
"  1 23 42  5 6 5 2        6  4   3  ",
"  1 232       2  1 4   5 16 5       ",
"  1 232      4   1  53  1 4 3       ",
"  1 232      4   5  2  1 16 5       ",
"  1 232      4   5  63    4  16     ",
"  1 232      4 1       5 5 6    6   ",
"  1 232      4 5       65 31        ",
"  1 232    1 4   5    6 51      3   ",
"  1 232    4    4  5      3  16     ",
"  1 232    4    4  5      3 166     ",
"  1 232    4 1 3   5 4   26         ",
"  1 232    4 5 3   1 4    62  1     ",
"  1 232    4 5 4     3    62  1     ",
"  1 232    4 5 4   2 3  6    1  2   ",
"  1 232  1   2  45  5  15 4         ",
"  1 232  4       5  6     2 1 1     ",
"  1 232  4   1   5 5 1    3 6      4",
"  1 232  4   5 1   1   5  3 6      4",
"  1 233       4  5 5    2   1    6  ",
"  1 233      245       2  5 14      ",
"  1 233      3 4    5   5  1       6",
"  1 233      456       1  6 15      ",
"  1 233    1 1   4  5     2 3 6     ",
"  1 233    4   25   6   1 4         ",
"  1 233    4  52   3        1 6     ",
"  1 233    4 5   2   1   35   4     ",
"  1 233  1       4  5     2 3 5    2",
"  1 233  4       5 6      2 4  1    ",
"  1 233  4      56 5   4  2 4  1    ",
"  1 233  4    2  5 4     1  3 6     ",
"  1 233  4    5  6 3   416          ",
"  1 233  4   5   2  3   1    5 6    ",
"  1 234          5  6   1 4 3       ",
"  1 234       53       61 4 3       ",
"  1 234    1  31   2      42 5      ",
"  1 234    1  35   2     14         ",
"  1 234    1 35          12  5      ",
"  1 234    5    3   6   1 4    3    ",
"  1 234    5 1   2  4     6 54    3 ",
"  12       3 2  455       26   6    ",
"  12       3 4  566       34   2    ",
"  12 3           445      3 6 2   3 ",
"  12 3           445    2   3   3 6 ",
"  12 3          45 3    6   3  2 5  ",
"  12 3         1 4  2  5 5 4  6     ",
"  12 3        4  5 3      34   6 5  ",
"  12 3       2   1  45   3   66     ",
"  12 3       2 4 5  5  1  45  6     ",
"  12 3       3   44       53   2  6 ",
"  12 3       4   1    5 4  6   2    ",
"  12 3       4   2    5 5  6   2 1  ",
"  12 3       4   2 3   1  53   6    ",
"  12 3       4   2 3   5  53   6    ",
"  12 3       4   5  6  16  1    2   ",
"  12 3       451       6  6  53     ",
"  12 3     1     454    2   3   6   ",
"  12 3     1   3  43      2  5 6    ",
"  12 3     1   3  45      4  61     ",
"  12 3     1   3  45      5  6 1    ",
"  12 3     1 2  3   4        556    ",
"  12 3     1 234     3   4    5     ",
"  12 3     1 4 5  5  4  3       2   ",
"  12 3     14  5   5      2 6 3     ",
"  12 3     14  5   5 4    2    3    ",
"  12 3     14  5   5 4    2   3     ",
"  12 3     4   4  56    3 2    1    ",
"  12 3     4  34   2         556    ",
"  12 3     4 153         3   51 2   ",
"  12 3     4 154     3    2   6     ",
"  12 3     4 154     3  6       2   ",
"  12 3     4 2  1   54  63          ",
"  12 3     4 2 3   5      6  2 1    ",
"  12 3     4 2 3  51     65 3       ",
"  12 3     4 2 3 5  31   15   6     ",
"  12 3     4 2 4   5      6  2 1    ",
"  12 3     4 2 5    54  6      3    ",
"  12 3     4 2 5 1 15    34  5      ",
"  12 3     4 4  5   6   61          ",
"  12 3     4 5    6       3  22   1 ",
"  12 3     4 5 4     3    6  221    ",
"  12 3     4 564     3  6 2         ",
"  12 3     431           43  55     ",
"  12 3     434 1       55 4    1    ",
"  12 3     456 4     3  2 5         ",
"  12 3    1      445       6  32    ",
"  12 3    1      445    3 26      3 ",
"  12 3    1      453      6  2 1    ",
"  12 3    1      454    2   3   6  2",
"  12 3    1      456    3 2    1    ",
"  12 3    1     24  3      5  56    ",
"  12 3    1    1 2  2  45  3   6    ",
"  12 3    1    4 5 3   6 163        ",
"  12 3    1    4 52    13   4  6    ",
"  12 3    1   34       5 4   26     ",
"  12 3    1   34   2   5 12   6     ",
"  12 3    1   4  5 3       6  62    ",
"  12 3    1   4  5 3     2 6  6     ",
"  12 3    1  12  4 3     5 32       ",
"  12 3    1  2 4 5  5  161      4   ",
"  12 3    1  234   1   5 45  2      ",
"  12 3    1  3   1   4  4    5 65   ",
"  12 3    1  3   2  4 3      565    ",
"  12 3    1  4    5     3 2  5     2",
"  12 3    1  4   5  6    3   22   5 ",
"  12 3    1  4   5  6   6    2 12   ",
"  12 3    1  4   55       3 6  2    ",
"  12 3    1 4   3  3   552      4   ",
"  12 3    1 4   5  5   632      5   ",
"  12 3    1 45  2      5 326        ",
"  12 3    14     1 15    43  5      ",
"  12 3    14    4 56      5  2 3    ",
"  12 3    14   4 5 2     3   66     ",
"  12 3    14  3 4      51 2   3     ",
"  12 3    14 2    5       3 4  6   1",
"  12 3    14 2  3 56      5 42      ",
"  12 3    14 3  4 5     2 6    1    ",
"  12 3    14 5    3       6 4 2     ",
"  12 3    14 5    6      3  21  2 3 ",
"  12 3    14 5  46       36  11     ",
"  12 3    14 53          12 3 6   2 ",
"  12 3    4      565    2   3   4  2",
"  12 3    4      565    3    4 1  3 ",
"  12 3    4   2  5 6    1 3    5    ",
"  12 3    4   34   2   156          ",
"  12 3    4  12  5 3   2 53         ",
"  12 3    4  15  6 3   5 63         ",
"  12 3    4  2   1  34  56          ",
"  12 3    4  2   1  5 3  3    6     ",
"  12 3    4  2   5  6   63   4    3 ",
"  12 3    4  3   25   1      56     ",
"  12 3    4  3   55    43 5    1    ",
"  12 3    4  3  12     5 53   6     ",
"  12 3    4  32  5 1   2 53         ",
"  12 3    4  5   1    6  35  2      ",
"  12 3    4  54  2      4  6    35  ",
"  12 3    4 13   5 6    2 3    5    ",
"  12 3    4 35  2      5  26  6     ",
"  12 3    4 4    2 3     135        ",
"  12 3    4 5      2      6 2  3   1",
"  12 3    4 5    4 3   53 5    1    ",
"  12 3    4 53   6     516      3   ",
"  12 3    41    25 5    13      2   ",
"  12 3    41    25 5    13      4   ",
"  12 3    41    3 53      4  62     ",
"  12 3    41   3  35    46      2   ",
"  12 3    41   3  53    64      2   ",
"  12 3    41  3 2  4  3 5 4    1    ",
"  12 3    41 1  35  3   1 5    6    ",
"  12 3    41 2  3 56      5  2 1    ",
"  12 3    41 2 3 5 1     65  2      ",
"  12 3    41 3   5 54    13   4     ",
"  12 3    41 3  1   5   4 3    2    ",
"  12 3    41 5   6 14    36  4      ",
"  12 3    41 5  3      64 3    25   ",
"  12 3    41 5  3 3       4  62     ",
"  12 3    41 5 41 6      36  4      ",
"  12 3    41 53 6  2     15         ",
"  12 3    411   3  3   552      6   ",
"  12 3    4125  1         2  6 3    ",
"  12 3    4156            2  43     ",
"  12 3    45 62 5  3     16         ",
"  12 3  2       455      6  3 1  6  ",
"  12 3  2    4  5   6   6   1  1   4",
"  12 3  2   4    5    6 1  5    4 1 ",
"  12 3  2 4      51      63 1 2  3  ",
"  12 3  3    1   4 3  1  45 6       ",
"  12 3  3    1   4 3  1  5  6    4  ",
"  12 3  3    3  1  1   4 5  6    4  ",
"  12 3  4  1 2  1    5   42 3       ",
"  12 3  4  1 235   4     12         ",
"  12 32      2  4   5    6  1      5",
"  12 32      4  1   5    6  5      4",
"  12 32    4  34       51 2    6    ",
"  12 32   1     32  4        565    ",
"  12 32   4      5 6     1  3   31  ",
"  12 32   4   2  5 6     5 3  1     ",
"  12 33      3  4   5   5   1      6",
"  12 33      4  1   5    6  5      4",
"  12 33   1      4 5      2 6  1    ",
"  12 33   4      5 6      24   1    ",
"  12 33   4  56 1      26  4   1    ",
"  12 33   41    15       35   6     ",
"  12 34   5    4 1       3      2   ",
"  123      1     2 34      5  56    ",
"  123      1     3 24       5 56    ",
"  123      1     3 24       5 65    ",
"  123      1  3  4 2    56          ",
"  123      1 1   2  4 5   53 4      ",
"  123      1 2   4  3   5   6  6 5  ",
"  123      1 2 4       526      3   ",
"  123      1 2 4       564      3   ",
"  123      1 3  4      564      2   ",
"  123      1 4  5      635      2   ",
"  123      14   5      635      2   ",
"  123      14  5       625      3   ",
"  123      143   2        25   6    ",
"  123      145            2  6 3    ",
"  123      145            2  63     ",
"  123      145            2 633     ",
"  123      145            3  62     ",
"  123      4 2 1 34      54 2       ",
"  123      4 3 1 2  2  3 5    6     ",
"  123      4 5   2    4  134  2     ",
"  123      4 5  6  3   2  63 1      ",
"  123      441  5  3   2 643        ",
"  123      441 5   2   3 64 2       ",
"  123      453  4  1   2 63         ",
"  123      456   2        24  3     ",
"  123      456   3        3 4 2     ",
"  123 2    1 4   5  6     5 1 6    3",
"  123 2    1 4   5  6   6    3  5 1 ",
"  123 3    4 53         6   4  1   2",
"  123 4    5 5 3 6     16 5         ",
"  1234          12       521    3   ",
"  1234          12       521 3  3   ",
"  1234       4  25  5  15 4         ",
"  1234       5   6  41  41   2      ",
"  1234     1    12       521    3   ",
"  1234     1   1 3      5 3  2  4   ",
"  1234     1 2 4 3       1   55 3   ",
"  1234     1 5   6  4   41   2      ",
"  1234     1 54         2 6  5 1  2 ",
"  1234     11  5   2    6 2         ",
"  1234     541          6 2  1 5  2 ",
"  1234    5114           64  55     ",
"  1234    5141          6 4  5 5    ",
" 1   2    3 4       564   2    3   5",
" 1   2  2  1    3 4 3   5  6   6    ",
" 1   2  2  1   3  4  1  5      6   5",
" 1   2  2  1  3 4 4     5   6  6    ",
" 1   2  2  13   4   4    5  6 6     ",
" 1   2  2  34       5    3 1      6 ",
" 1   2  2 1    3  3 4   5  4       6",
" 1   2  2 1   34  4     5    6 6    ",
" 1   2  2 1   34  4     5  3       6",
" 1   2  2 3   4  1 5    6    3    2 ",
" 1   2  3  14   5   5 4     2  6    ",
" 1   2  3  14  5    54     2   6    ",
" 1   2  3 1      4  5    3   16   2 ",
" 1   2  3 1      45 4    6   3    2 ",
" 1   2  3 1    4  4 5    6 2       6",
" 1   2  3 1    4 54     3   6   6   ",
" 1   2  3 1   14 5  5    3 2      6 ",
" 1   2  3 4   23 5   4  6      5    ",
" 1   2  3 4   24 1   5  6      4    ",
" 1   2  3 4   25 1   4  6      5    ",
" 1   2  3 4   5  1   5  6    4 4    ",
" 1   2  3 4   54 1   5  6      4    ",
" 1  2   2  1   3 43       5 4 6  5  ",
" 1  2   2  13  2    4  55  4       3",
" 1  2   2  3   4 5      6    1  5 6 ",
" 1  2   2  3  41 5   2  6      5    ",
" 1  2   2  3  45 1       5 6  6     ",
" 1  2   3  4   5 65       4 3 1     ",
" 1  2   3  4   5 65       6 3 1     ",
" 1  23  2        41     2   3 5  6  ",
" 1  23  2        45 6    3  16      ",
" 1  23  2     14 5       6  1    3  ",
" 1  23  2     41 5      6   4  4 3  ",
" 1  23  2     45 1       4 3  6   4 ",
" 1  23  2     45 1 5    6   4    3  ",
" 1  23  2   4  1       55 36        ",
" 1  23  2  1     45 4   2  3   6    ",
" 1  23  2  14       3      5 6 6  1 ",
" 1  23  2  4  4  51     2   3  6    ",
" 1  23  2  45 6            35      1",
" 1  23  3     2  45      6  1    6  ",
" 1  23  3     4  51     64  3      2",
" 1  23  3  14       5    6  15   2  ",
" 1  23  3  4  5   6      4 13       ",
" 1  23  3  4 52           1 3 6   1 ",
" 1  23  3  45       2      46  6   1",
" 1  23  3  45 63    1 6     36   2  ",
" 1  23  4        1  5    5  3 6    2",
" 1  23  4      5 25  6  1 6         ",
" 1  23  4   5 63       64  1      3 ",
" 1  23  4  5 5 3 4  32    1  25     ",
" 1  23  4  5 561      5 5   6   2   ",
" 1  233 2  4  5         2   6   34  ",
" 1 23   2  1 4    5    6 6  1 1    3",
" 12 34        1  54     24  1     5 ",
" 12 34        52       53   1  6    ",
" 12 34       561          32  5     ",
" 12 34       561          42  5     ",
" 12 34      5  1       63  46       ",
" 12 34     1 56           12  5     ",
" 12 34     15 14        1    6 3    ",
" 12 34     2     51 4   24   1      ",
" 12 34     2  32    54     3 5      ",
" 12 34     2 35     4    5 4 3     6",
" 12 34     2 53         3 1 2   5 4 ",
" 12 34     2 53         3 1 4   5 2 ",
" 12 34  3  5   4 3      3 15 6      ",
"1    2  2  1  3 4  5  3    6   4    ",
"1    2  2  1  34   5 3      6  4    ",
"1    2  2  1 3  1        4  5   6  4",
"1    2  2  1 3  4   5    6  3       ",
"1    2  2  1 3 2     4    5  6 6    ",
"1    2  2  1 3 4    5    6  3       ",
"1    2  2  3  4    5    3   1    6  ",
"1    2  2  3 4  2     3   5 1 6     ",
"1    2  2  3 4  3     2   5  16     ",
"1    2  2 3  4   5 5 4    3 1       ",
"1    2  3  1 4 2     1  5    3  6   ",
"1    2  3  1 42 1     2 5    3  6   ",
"1    2  3  4  56      2 3   5   1   ",
"1    2  3  4 3 2   5 4       1  6   ",
"1    2  3  4 5  4     2 6    3  1   ",
"1    2  3  4 5  4  3  2      1  6   ",
"1    2  3  4 5 2     4    6  13     ",
"1    2  3  4 5 2     4    6  3 1    ",
"1    2  3  4 5 2     4  6    3  1   ",
"1    2  3  4 5 2   3 4       1  6   ",
"1    2  3  4 5 4     2    6  13     ",
"1    2  3  4 5 4     2    6  3 1    ",
"1    2  3  4 5 4     2  6    3  1   ",
"1   2   3  1 4   5   6  2  1    5   ",
"1   2   3  1 4   5   6  5   3   2   ",
"1   2   3  4  45   1   24   3      6",
"1   2   3  4 1   2  54       3 6    ",
"1   2   3  4 5   1   6  4   3   2   ",
"1   2   3  4 5 4     3    6  12     ",
"1   23  2        4 56   2   36      ",
"1   23  2        4 56   3   46      ",
"1   23  2       42 25  1 13         ",
"1   23  2     4  5 5    6   4    1  ",
"1   23  2    4 5       63 51        ",
"1   23  2    415       65    1  6   ",
"1   23  2    415       65   61      ",
"1   23  2    415       65   61  6   ",
"1   23  2    451       65   61      ",
"1   23  2  1    4  56   6   14      ",
"1   23  2  1  3 1    4  5      6    ",
"1   23  2  1 4      3   5  1 2    5 ",
"1   23  2  4     5 56      35      1",
"1   23  2  4    4  5    3   1   6   ",
"1   23  2  4  5    6    4   52     1",
"1   23  2  4  5    6    4   52    4 ",
"1   23  2  4  5 6    3  2 1         ",
"1   23  2  4 25    1      1 3 5   4 ",
"1   23  2  4 5      6   4   62     1",
"1   23  2  4 5  4     3   6  2 1    ",
"1   23  21   45         6   52      ",
"1   23  3     43       15   3   6   ",
"1   23  3     45       6  61  4     ",
"1   23  3    1   4 56   2   46      ",
"1   23  3    3   2 4 5      6  1    ",
"1   23  3    451       65   61      ",
"1   23  3  1    4  56   6   14      ",
"1   23  3  1   24   21   5    6     ",
"1   23  3  1  4    5       16 6    4",
"1   23  3  1 4   5    6  15   2     ",
"1   23  3  4    35      5 4    1    ",
"1   23  3  4    4   5   3   61 6    ",
"1   23  3  4  5    6    4    5    1 ",
"1   23  3  4 5   2   4    2 3      6",
"1   23  3  4 56         4    6   2  ",
"1   23  3  4 56 4     3 6 2         ",
"1   23  31       4  5     2 3 3  4  ",
"1   23  31   2   4  5    3   1    6 ",
"1   23  31   4   5    6 21      5   ",
"1   23  34   4 5 2      43   6  2   ",
"1   23  34   5      6   4   31      ",
"1   23  34   56         4   36      ",
"1   23  34 1 52           4 3 2   4 ",
"1   23  4        1 5     46 3       ",
"1   23  4    4 1       2 562      6 ",
"1   23  4    5   6    1   3  4   1  ",
"1   23  4    5 6       1  25      1 ",
"1   23  4  1    1   5   5   3  6   2",
"1   23  4  1 5  4   63       4  2   ",
"1   23  4  5   1 4       5      6   ",
"1   23  4  5  16      5 5   1   2   ",
"1  2 3  2     4  5 5    6  4      1 ",
"1  2 3  2  4 4 5   2  3      5 1    ",
"1  2 3  2 1  2   4   5  3 4    1    ",
"1  2 3  2 1  23           4  5 6  4 ",
"1  2 3  2 4      5 56     1 3      4",
"1  2 3  3  4 5      6   4    1    2 ",
"1  2 3  3 1   4  5 1    46 3    2   ",
"1  2 3  3 4      4  5   3   16 6    ",
"1  2 3  3 4      5 56   4   3      2",
"1  2 3  3 4  3  24 4   5 15         ",
"1  23   4  1 5   6    1  12  5      ",
"1 2 34       2 1       5 34   6     ",
"1 2 34       3 1 5  1   6  2      5 ",
"1 2 34       4 2       53    6  6 1 ",
"1 2 34       5 6 3       4   2    6 ",
"1 2 34       5 6 3   2  6 5         ",
"1 2 34     1    4  45   3   26      ",
"1 2 34     1    4  5      6 13      ",
"1 2 34     1  51     4  2    6  3   ",
"1 2 34     1 2  5   3   2   43      ",
"1 2 34     1 3      5   6   12    4 ",
"1 2 34     1 351        6    2  4   ",
"1 2 34     1 514          5  23     ",
"1 2 34     1 514        62      5   ",
"1 2 34     2  5    3    6   21    6 ",
"1 2 34     2 14         4 5  1 2   5",
"1 2 34     2 4   5  6   6   5  3    ",
"1 2 34     2 4  2   53    6 535     ",
"1 2 34     5 31           5 2 3     ",
"1 2 34   1     4 3  4    51   2     ",
"1 2 34   1    52       6 34   2     ",
"1 2 34   2   4  15  1   4 5         ",
"1 2 34  4  1     5 4        133   5 ",
"1 2 34  5  2   6 5      2       1   ",
"1 2 34 4   1    5   6     13  2   1 ",
"1 23 4     5 4 5 6   4   1   3  6   ",
"1 23 4    1     43  4    51   2     ",
"1 23 4    1    5 6  3  14 6    2    ",
"1 234      1 3   2  54   4  6 5     ",
