"    12   3    3  4 5  2 3 6    2    ",
"    12   3    4  3 5  6 4 2    6    ",
"    12   3    4  5 65     1 4  3    ",
"    12   3   4  2   3  53 6    2    ",
"    12   3 4  1 4  5     46  13     ",
"    12   3 4  1 4  54   6    1  3   ",
"    12   3 4  2  5 4    4 1 2 6     ",
"    12   3 4  3 25 2  3 16   3  4  1",
"    12   3 4 14     5    32  1 5    ",
"    12   3 4 452         52  31     ",
"    12   3 4 534         42  51     ",
"    12   3 4 541    6 4   2  1 3    ",
"    12  13       445      36  6   2 ",
"    12  13   2   4  5   6   2 5  6  ",
"    12  13   4   3  5 2   42   6   4",
"    12  13   4   52   3 3  6   64   ",
"    12  13   4   53   6 4 3    2    ",
"    12  13   45  3 1     365        ",
"    12  13   456   6   46 3    1    ",
"    12  2  3 4  2  25    1  64      ",
"    12  2  3 4  2  25    36  5      ",
"    12  2  3 4 5   25    36  5      ",
"    12  23   3   42   5  63   5     ",
"    12  23   3 4   5   11   6   5   ",
"    12  23   4  533    64 3    1    ",
"    12  23   45 3  2   4 364        ",
"    121 23   4  53  5   6 3  1      ",
"   1 2    3   2  4 5 6  4 3    6    ",
"   1 2    34  2  5 4  2 4 1   62    ",
"   1 2    34  4  5 2 4  64    2 3   ",
"   1 2    34 53 2        42  51     ",
"   1 2    34 53 4        42  51     ",
"   1 2  1   3  4   4   55   6  6   3",
"   1 2  1 3      445      3 6 6  2  ",
"   1 2  1 3  2   4  5   5   6 3  2  ",
"   1 2  1 3  4   15   2  6 2  3     ",
"   1 2  1 3  4   53  6  4 3    2    ",
"   1 2  1 3  45  3 1     36 5       ",
"   1 2  1 3  45 6  6   46 3    1    ",
"   1 2  1 3 3  4   5   65 3    2    ",
"   1 2  1 3 4   2  5   1 6 2  3     ",
"   1 2  1 3 4  2   3   5 63   5     ",
"   1 2  2 3  3   4  52   63   5     ",
"   1 2  2 3  4 5 33    6 1 3  4     ",
"   1 21 2 3  4 5 3  5   6 3  1      ",
"   12      3  3  4 2 5   56   1     ",
"   12      3  3  4 5  1  26   5     ",
"   12      3  3  4 5  1  36   1     ",
"   12      3 4  1   3  5 26   4     ",
"   12   1  3 42  5 5    2  6    4   ",
"   12   2  3 31  4 5    1   6   5   ",
"   12   2  3 41  5 5    1   6   4   ",
"  1  2     3  34   5    6   5  1 3  ",
"  1  2     3 345      3 1   6  5    ",
"  1  2    3  2 3   4   53   6   2   ",
"  1  2    3  2 4 5 4    3  6    4   ",
"  1  2    3  4   5 2  4   2   3  6  ",
"  1  2    3  4 2 5 5    3  6    5   ",
"  1  2    3  4 3   2   53   6   2   ",
"  1  2    3  4 5    2  6 5  6 2     ",
"  1  2 2  3  3 4    2  56    3    5 ",
"  1  2 3   4  45  3     6   3  1 2  ",
"  1  2 3   4  45 3      6   3    4  ",
"  1  2 3   45  2      6 1   2   4  6",
"  1  2 3  1   45         4   16   3 ",
"  1  2 3  1 3 45       4 5  6 1     ",
"  1  2 3  4   35 45      6  1    2  ",
"  1  2 3  4   5  3   2  6   2      1",
"  1  2 3  4   5  3   4  6    1 1 6  ",
"  1  2 3  4  5 2  1    4    2 6    1",
"  1  23    1 4 5      2 2   6   5   ",
"  1  23   4   35   5   16   1    2  ",
"  1  23   4  1 2     5    2  1 6    ",
"  1  23   4  1 2 4   5   5   6  4   ",
"  1  23   4  5   1  35  6   1    2  ",
"  1  23   4  5 4       54   6   3   ",
"  1 2      3 3 4 2   3   5   62     ",
"  1 2      3 4 5 25  4    5 6 2     ",
"  1 2      3 4 5 65  4    4 6  2    ",
"  1 2      3 4 5 65  4    52  6     ",
"  1 2  2   3 3 4    2  56   5       ",
"  1 2  3   1   4 5  4    1   66  2  ",
"  1 2  3   1  3  45      6   3   2  ",
"  1 2  3   1  45  3     6    3    1 ",
"  1 2 3    4 3 4 2  45   5   6  2   ",
"  1 2 3    4 4   3   2  5    2  6   ",
"  1 2 3    4 5 2       5  2 6 1     ",
"  1 2 3    4 5 4 2   5   3   6  2   ",
"  1 23        2  4 3   56  3   1  5 ",
"  1 23       1 4  2       3 5  4   1",
"  1 23       145   2   1 35  4      ",
"  1 23       2   1 4 5    2 1 6     ",
"  1 23       2  14  4  55 3 4       ",
"  1 23       2  141       35  5    6",
"  1 23       3   1 4 5    3 1 6     ",
"  1 23       3   4 4 5    3  16     ",
"  1 23       4   1 3 5  6  3    3 1 ",
"  1 23       4   21  5    2  16     ",
"  1 23       4 2  5    6  5 6 2   1 ",
"  1 23      1  4   3      2  54   1 ",
"  1 23      4  2       1  5 6 2   1 ",
"  1 23      4  2       12   1   5 6 ",
"  1 23      41 2       12   1   5 6 ",
"  1 23     1 2  1 4       5 62      ",
"  1 23     1 4  3  5 2    4 62      ",
"  1 23     1 4  3 5  2    4 6 2     ",
"  1 23     1 4 2      1   5 6 2     ",
"  1 23     1 4 2      3   5 6 26    ",
"  1 23     1 4 2   2  1   5 62      ",
"  1 23     1 4 2   5  3   5 62      ",
"  1 23     14  2      3   5 6 62    ",
"  1 23     4     53     1 2 4  4   2",
"  1 23     4 1  3 5  2    4 6  2    ",
"  1 23     4 1  3 53      2 61      ",
"  1 23     4 1  4 5  2    3 6  2    ",
"  1 23     4 15 3  2  5  342 5      ",
"  1 23     4 2   53     2 3 4  4    ",
"  1 23     4 2  3 5       2 61 1    ",
"  1 23     4 2  4  5      4 62      ",
"  1 23     4 2  4 5       3 12      ",
"  1 23     4 3  51  5 3   2  54     ",
"  1 23     4 452   1  4 1   6  2    ",
"  1 23     4 5 2      4   3 6 26    ",
"  1 23     4 5 2      4   3 6 62    ",
"  1 23     4 5 3  3     6   1   2  6",
"  1 23     4 5 4   3      3  16     ",
"  1 23     4 5 43  3      3  16     ",
"  1 23     45  2      3   3 6 2     ",
"  1 23     45  2   1  4   3 6  2    ",
"  1 23    41 12    5     36  2      ",
"  1 23   1   4 5 2 2      2 1 6     ",
"  1 23   1 4 15 3  2     342 5      ",
"  1 23   1 4 2  3 5  4   6      2   ",
"  1 23   1 4 4   5  6   6 4 3 2     ",
"  1 23   1 45  4   2  3  6      2   ",
"  1 23   4    2  1 5      3 6 2     ",
"  1 23   4    2  5 3      3 1 6     ",
"  1 23   4    3 5      13 5  2 4    ",
"  1 23   4    5 3      4 12  66     ",
"  1 23   4    5 3  2   4 1   66 4   ",
"  1 23   4   1   5 6 3    2 34      ",
"  1 23   4   12  5     2  5 3 4     ",
"  1 23   4   3   25       4 61      ",
"  1 23   4   3   4     54  3   63   ",
"  1 23   4   32  1 5      3 6 2     ",
"  1 23   4   5   2  3     2 6 4     ",
"  1 23   4   5  343       32 66     ",
"  1 23   4   5 1       22   6  1    ",
"  1 23   4   5 3       1  6 3 4     ",
"  1 23   4   5 3       243      6   ",
"  1 23   4   5 3       6  6  4 3    ",
"  1 23   4   52  1       1  3 4 3   ",
"  1 23   4  5  3       6  6  43     ",
"  1 23   4 1  3 1  5      2  63     ",
"  1 23   4 1 2  3  5    4    6  5   ",
"  1 23   4 1 35          12  54     ",
"  1 23   4 1 35          12  56     ",
"  1 23   4 1 35          12 454     ",
"  1 23   4 1 5 1      3 3    6 1    ",
"  1 23   4 1 5 3  6      2  4   5  2",
"  1 23   4 13   1      51 6    43   ",
"  1 23   4 15  2   2  3 36      2   ",
"  1 23  2    4   1   5  5   6  2    ",
"  1 23  2   1  3   4   56   3    4  ",
"  1 23  3    4   53     6   1    4  ",
"  1 23  3   4    5 3 2   6  1    4  ",
"  1 23  3  4 4   51     2 4 3       ",
"  1 23 2    4  1       5  3 5 6   1 ",
"  1 23 2   14  1       5  3 5 6     ",
"  1 23 2   4  54   4   1  43  6     ",
"  1 23 2   4 4   1  54    43  6     ",
"  1 23 3      45   1    1    6  5 4 ",
"  1 23 3   14  2      5 1  6    6  5",
"  1 23 3   4   2 5  5    1 4  6   1 ",
"  1 23 3   4   2 5  5   6   12 1 4  ",
"  1 23 3 4 1 1    5  3       4  6 3 ",
"  1 232       4  5 1     6 4    5 6 ",
"  1 232      4 5       4  6  55  1  ",
"  1 232      4 5       45  1    6  5",
"  1 232    4 5 2      3   3 6  2    ",
"  1 232  1    4  5 5    6  3      1 ",
"  1 232  1   1   4  5 3  6 3  5     ",
"  1 232  4   5   1  2   6  1      3 ",
"  1 232  4   5  3      4  2  64     ",
"  1 232  4   54  2        3 6 46    ",
"  1 233       4  1 1 2   5  1    6  ",
"  1 233      4 5    6  4  5 6  1    ",
"  1 233      4 5 2       1 2    5 6 ",
"  1 233    1 4 35   5   51 6        ",
"  1 233    4 5 4          3  16     ",
"  1 233  1   1 4 5  5  2 64         ",
"  1 233  4    5 3      41  2   6    ",
"  12 3     4   3 53  6   4   21 2   ",
"  12 3     4 1  3 5  1  36      2   ",
"  12 3     4 1 3 53  6  1 2    4    ",
"  12 3     4 1 5 65      4  3 1 3   ",
"  12 3     4 153   2 5   34 25      ",
"  12 3    1   4  1 3   561  3   3   ",
"  12 3    1   4  5 3   1 6  3 4     ",
"  12 3    1  3   4 5     423        ",
"  12 3    1  4   56      3  5   4  2",
"  12 3    1  4  52 2      21  6     ",
"  12 3    14 153   2     34 25      ",
"  12 3    14 3   25   4  6      3   ",
"  12 3    4      5 53   4   2  12   ",
"  12 3    4      5 53   6   2  12   ",
"  12 3    4   2  1 5      36  2     ",
"  12 3    4   53   2   4 1   66 4   ",
"  12 3    4  2   4 5 3    2  64     ",
"  12 3    4  3 5 1  5     3  24     ",
"  12 3    4  5  266    5  63  2     ",
"  12 3    4  5  3      6  6  4 3    ",
"  12 3    4  5 3 43       3 266     ",
"  12 3    4  52  1       1 3  4 3   ",
"  12 3    4 5   3      6  63 4      ",
"  12 3    41 15    2     34 25      ",
"  12 3    41 25 1        13  56     ",
"  12 3    41 53 2        15  26     ",
"  12 3  2    4   1    5 5  6   2    ",
"  12 3  2 4  56 1      51 4    2    ",
"  12 3  3    4   2    5  1  2 5  6  ",
"  12 3  3    4   2    5 5  6   1  2 ",
"  12 3  3   4    5    2 3   4  6 3  ",
"  12 3  3 4    3 5 5      5  24     ",
"  12 3  3 4    3 53       5  24     ",
"  12 3  3 4    5 1 1      5  2 4    ",
"  12 32      4   1  5  46   3    1  ",
"  12 32   1      4 5    1   6   63  ",
"  12 32   1  4 1       5 1  5   6   ",
"  12 32   4   53       43    6 6    ",
"  12 32   4  2 3 5       15   4     ",
"  12 32   4  2 5 1       53   4     ",
"  12 33      4  52        56   1  2 ",
"  12 33    4  51      4  64   1     ",
"  12 33    4 5  4    5  4   1   6   ",
"  12 33   14 5   6    4  32   6     ",
"  12 33   14 54           6  2 1  4 ",
"  12 33   4   53       4 1   66 4   ",
"  123      1 2 4   5   6 43   6     ",
"  123      1 2 4 54     3   2  6    ",
"  123      1 3  4  5   6 42   6     ",
"  123      1 4   2    1   56  2     ",
"  123      1 4   2    1 2  5    6   ",
"  123      1 4   3   1  3   5   6   ",
"  123      1 4   5 2 6   63   5     ",
"  123      4 5   2    4 2  6    6   ",
"  123      4 52  3      4  5   15   ",
"  123   2  1 1   45      361      6 ",
"  123 3    1 4   5    1   31  6     ",
" 1   2  3  4  54      2  3   66   1 ",
" 1   2  3 1 4    1 3 5      6  2   3",
" 1   2  3 4 5    1 3 5    6 1    2  ",
" 1   2  3 4 5 12     5  1    6 4    ",
" 1  2   2  3  42 5  53   5 4       1",
" 1  2   3  1  14 54     1    2 6    ",
" 1  2   3  12 45       46  1   4    ",
" 1  2   3  4  54 1       3   66   1 ",
" 1  23  2   4  1       55  3    6 5 ",
" 1  23  3  4  43  5      4  51      ",
" 1  23  3  4  53       16  4  3     ",
" 1 2 3  3 4  3    5  1    6 1      2",
" 1 23   2  14        5   3  6 1     ",
" 12 34        43 5  5   2    1 5  2 ",
" 12 34        5  6  43   5  2 2    1",
" 12 34     1  53      1  6  23      ",
" 12 34     1 351    4    5 42      5",
" 12 34     1 351    43   5 42       ",
" 12 343    1     5  6    2  1      3",
"1    2  3  4  12   5  3   26  3     ",
"1    2  3  4  54      2  6  1 3    6",
"1    2  3 4  1 2 4   5   5   6  4   ",
"1    2  3 4  5 2 4   5   1   6  4   ",
"1    2  3 4  5 4       5  4 6 3     ",
"1   2   3  4  54       2 6  1 3     ",
"1   2   3  4 3 5     4   4   6  2   ",
"1   2   3  4 3 5 2   4   5   6  2   ",
"1   2   3  4 5 2       52   6   1   ",
"1   23  2    4 5       46    5  51  ",
"1   23  2  4  14      3 2    55   1 ",
"1   23  2  4  14      3 5   1 2    5",
"1   23  2  4 4  3   5   4   12      ",
"1   23  2  4 5  1    4   1   66 3   ",
"1   23  2  4 5 2      3 4   6  26   ",
"1   23  2  4 5 3    3   4    1    6 ",
"1   23  21   1   4  5    3   65   3 ",
"1   23  21 4 2   5  3   24   63   4 ",
"1   23  3     2  4 5     6 1      6 ",
"1   23  3    4 5       43    1  6   ",
"1   23  3  4 5 4        3    1  6   ",
"1   23  31   4   5   6   3   2  5   ",
"1   23  31 4 5   6   4  23      6   ",
"1   23  34    51       2 6  1 3     ",
"1   23  34 1 3   2  5    62 3       ",
"1  2 3  2    4   5 2      6 5    1  ",
"1  2 3  2    4  1      5  65   5  3 ",
"1  2 3  2  4   3 1   5  54      1   ",
"1  2 3  2 4  5 3       42    6  4   ",
"1  2 3  3    4  2   5  4 6  1    4  ",
"1  2 3  3 4  3 5   5   4  4 1      2",
"1  2 3  3 4  5 3       42    6 64   ",
"1  23   3  1   4 5 4     3  2   6   ",
"1  23   3  4  5 4      24 16   6    ",
"1 2 34     2 3 2    5   5 4  13  4  ",
"1 2 34   1    54       34   6   1   ",
"1 2 34   1   45  3       23 5 5     ",
