"     1    2  1 3 445   2  5    6 1  ",
"    1      2 3 4  51     6 3    2   ",
"    1   1  23    4 2  3 5      3 5  ",
"    1 2    34      1 5 2 6      23  ",
"    12     3  41   3    3 1 4  5    ",
"    12     3  45   1     25 6       ",
"    12     3 1  4   3   5  1    2   ",
"    12     3 421    5    31 6 2    1",
"    12     3 421    5 2 5 1    3    ",
"    12   3      24 25   16      3   ",
"    12   3      45 14  62 3    6    ",
"    12   3      45 46   1    3  2   ",
"    12   3      45 56   1    3  2   ",
"    12   3     4 5 64    1   3  2   ",
"    12   3    2  4 45    21 6    2  ",
"    12   3    24 3 54  6 2    6     ",
"    12   3    24 5 6   1 3      5   ",
"    12   3    4  5  2    3  4 4  6  ",
"    12   3    4  5 65     1 4  3    ",
"    12   3    42   5   1  3 6 1     ",
"    12   3    45    5  1 1  6 5     ",
"    12   3    45   1   63 1 2       ",
"    12   3   1   4  3   5   2 3   5 ",
"    12   3   3   1  2    4 5    5 6 ",
"    12   3 4    3  23     51  1 6   ",
"    12   3 4    4  15   3 2    6    ",
"    12   3 4  2  5 6      1 4  3    ",
"    12   3 4  24   3     54  3  1   ",
"    12   3 4  3 2   1  353     12   ",
"    12   3 4  32   5      6  114    ",
"    12   3 4  42 5 251   1    4     ",
"    12   3 4  5 2  6    34      2   ",
"    12   3 4 1   3  4 2 5 3    21   ",
"    12   3 4 1  2   54   62     3   ",
"    12   3 4 1 4    32   56   3     ",
"    12   3 4 14          52  16     ",
"    12   3 4 152    41  4 2    6    ",
"    12   3 4 2  4   3  56  4 13     ",
"    12   3 4 45     6    12  56     ",
"    12   3 4 5  2   4  3 1      6   ",
"    12   3 4 5  2   6   2 4  3      ",
"    12   3 4 5 2    3  62 4         ",
"    12   3 4 51          16 2 3     ",
"    12   3 4 51     3   51  2 3    5",
"    12   3 4 52     3    64 35      ",
"    12   3 4 54 2       42   1  6   ",
"    12   3 43 4 2 1   3  4 1  51    ",
"    12  1     34   2    5   3 6    1",
"    12  1  3 1  2  24    56  1    5 ",
"    12  1  3 4  5 1       3 2 62    ",
"    12  1  3 4 1    3     5  13   4 ",
"    12  1  3 4 2    2    3 5  6     ",
"    12  1  3 4 3    3    3 5  6     ",
"    12  1  34  3   5    3   4   2   ",
"    12  13       415      32  6     ",
"    12  13       452    31  2       ",
"    12  13      45 5      42  1     ",
"    12  13    2 4  4   3  45 6 5    ",
"    12  13   3   4     1  3 5 65    ",
"    12  13   3   4   5  2   6   6   ",
"    12  13   3 4       53   4  2    ",
"    12  13   3 4   1   556          ",
"    12  13   3 4 5  6   61      4   ",
"    12  13   4   3  2 4   45 6 5    ",
"    12  13   4   5  6    2   34     ",
"    12  13   4  535      6   4  46  ",
"    12  2     34 5 4    3  6   6  5 ",
"    12  2    3 1   4 3  5    6  3   ",
"    12  2    3 2 4 4 3  1    5  5   ",
"    12  2    3 4 5  4   4    36     ",
"    12  2  3 4  5  3   442    1     ",
"    12  2  3 4 3 5   1  4 5    1    ",
"    12  2  3 4 3 5   1  4 5  1 1    ",
"    12  2  3 4 5    3   62    3     ",
"    12  2  3 4 5    5    5 3  6     ",
"    12  23   2   43   5   35  6     ",
"    12  23   3 4       55 1    4    ",
"    12  23   4   5   6  6 3    2    ",
"    12  23   456       4 63   2     ",
"    12  23   456       46 3    2    ",
"    12  23  4  5   1   63       1   ",
"    12  3   4  5   6   11   4      5",
"    12  3  4  24   4    2 4  5 5    ",
"    12  3  4 1  2   51   61   5     ",
"    12  3  4 4 5    1    5    1     ",
"    12  3  4 4 5    2    6    2     ",
"    12  3  4 4 52       2      6    ",
"    12  3  4 5  4 2  5    2    6    ",
"    12  3  4 5  6        6 1    4   ",
"    12  3  4 5 4      5   4  51     ",
"    12  3  4 5 6          6 5 2     ",
"    12  3  4 5 6        2    6  6 5 ",
"    12  3  4 5 62 6     2    6    4 ",
"    12  3  43  1   4  2 5 4 3       ",
"    12  3  44   5  2      2   6     ",
"    12  3  453  2        26  53     ",
"    12  34   1   4 5  6   1   4     ",
"    12 13   4  5       66  2    4   ",
"    12 23     24 54      6   4   6  ",
"    12 23  4  51         5 4  6    1",
"    12 3       2  4 2 5 6    5  5   ",
"    121 2    3 4 5        5  3    4 ",
"    122 3    4 5 1      4    5  1 6 ",
"    123 1  4  54      6   3  65     ",
"    123 1  4 5  4   35  4       5   ",
"    123 2  4  4 5  2      54        ",
"    123 2  4 5   1   5  64      5   ",
"   1 2     3  42   2    3   5  15   ",
"   1 2     3 245          6 4  1    ",
"   1 2    3     45 42   1 6    3    ",
"   1 2    3     45 46  3  13  2     ",
"   1 2    3   14 5 54  16      4    ",
"   1 2    3   14 5 64  1 1    6     ",
"   1 2    3   2 43 54  66      2    ",
"   1 2    3   24 1  4  55 3    2    ",
"   1 2    3   24 5 54  1  3    1    ",
"   1 2    3   24 5 65  3 43   2     ",
"   1 2    3   3  4 2  5 16      5   ",
"   1 2    3   34 1 5   6  1    6    ",
"   1 2    3   34 5 64  3 2    6     ",
"   1 2    3   4  5 23   2   6  3    ",
"   1 2    3   4  5 6    1 3 5      3",
"   1 2    3   4 56  5  4 61   5     ",
"   1 2    3   45 1 15  46      4    ",
"   1 2    3   45 6 5      2 1  1    ",
"   1 2    3  3 4    1  5  2  3 4    ",
"   1 2    3  3 4    2  5 56  3    5 ",
"   1 2    3  34     1    5   11    6",
"   1 2    3  4   5  3   2   6   1   ",
"   1 2    3  4  5   3  6  52  1     ",
"   1 2    3  45 1   3  55  6 1 1    ",
"   1 2    3  456    3  5 6  2   2   ",
"   1 2    34    2  35   1    6 64   ",
"   1 2    34   2    3   2 5 4 6     ",
"   1 2    34  3 25 2    3 6    1    ",
"   1 2    34  3 4      1 56    1    ",
"   1 2    34  3 4  5 3  32      6   ",
"   1 2    34  4 25 2     16   3     ",
"   1 2    34  5 2  6 3   2  43  4   ",
"   1 2    34  5 2  64    2   34     ",
"   1 2    34  5 4  6 2   2      3   ",
"   1 2    34  52   2    3   4  46   ",
"   1 2    34  54   62    2   3  4   ",
"   1 2    34 2  4   3   2  3 55     ",
"   1 2    34 423    5   26      3   ",
"   1 2    34 53     1    3  455    1",
"   1 2  1  3 4  5 6      3  2   2   ",
"   1 2  1  345 3     4  23   4  4   ",
"   1 2  1 3    4 5 4   123      6   ",
"   1 2  1 3   4  3 5    5   2  6    ",
"   1 2  1 3  1   4 45     3 6      3",
"   1 2  1 3  1   4 54     3 6    3  ",
"   1 2  1 3  2   14   5 3    5      ",
"   1 2  1 3  2   43     5  6      5 ",
"   1 2  1 3  2 4 5  6  13       2   ",
"   1 2  1 3  3  4      53  4   42   ",
"   1 2  1 3  3  4      56 2    4    ",
"   1 2  1 3  4  53     6  5 2 3     ",
"   1 2  1 3 4    5 5      4 2 1  3  ",
"   1 2  2 3     45 56    24   1     ",
"   1 2  2 3  4   1 3   45  6    3   ",
"   1 2  2 3  4   5    6 6 3    2    ",
"   1 2  3  4 4 52   5     2 6  6    ",
"   1 2  3  4 5      2   4 6  3    4 ",
"   1 2  3  4 5 6        14      5   ",
"   1 2  3  4 562   4   5  4 2       ",
"   1 2  3 4  1   55     6   5   1   ",
"   1 2  3 4  4   51       1 5  5    ",
"   1 21 2  3  43   5    6 3  4      ",
"   1 21 2 3  4   5  6     5 6      3",
"   1 22 1 3  4   3        56   6    ",
"   1 23 1 4   4  5        5 6 1     ",
"   12      3     2 45     6 1 3    6",
"   12      3    45 65   2  3    1   ",
"   12      3  14 2 5    62      3   ",
"   12      3  14 2 54  66      4    ",
"   12      3  2 45 4    5 3    1    ",
"   12      3  3 42 54  61      6    ",
"   12      3  3 45 5   116      2   ",
"   12      3  4 51  5  4 6  3 4     ",
"   12      3 4   5  6     2 3 1   5 ",
"   12      3 4 3    5  26    5  3   ",
"   12      3 4 5    3  6  5  13     ",
"   12   1  3    42 4   5 15   3     ",
"   12   1  3 2   4    3 3  5    4   ",
"   12   1  3 4   2  35  3   4  6    ",
"   12   1  3 4   23       4 5  6   4",
"   12   1  3 435   1   4  2 6  6    ",
"   12   1  34   3  3   5 62   5     ",
"   12   2  3 2   4 3    5  3      6 ",
"   12   2  3 3   4      1  5   6  3 ",
"   12   2  3 3   44      5 3  6   4 ",
"   12   2  3 4   1    5  3   46     ",
"   12   2  3 4   53       4 1 5     ",
"   12   2  33  4   1   5  3 6 6     ",
"   12   3  451  4      16      4    ",
"   12 2 1  3  34       56      4    ",
"   123        3 4      55 4  2 1    ",
"   123  1 45 5      2    4   62     ",
"   123  1 45 6      3   3    45   6 ",
"  1  2     3 1  4   3   5  1   6    ",
"  1  2     3 2 14  452    2   3     ",
"  1  2     3 3  45 5    4   3    6  ",
"  1  2     3 4  1   2   5  6    6 2 ",
"  1  2     3 4 1   2    3    1  2 5 ",
"  1  2     3 4 5 65       2 6 3     ",
"  1  2     3 42 5         5 1 6     ",
"  1  2     3 452     5   3  4 5     ",
"  1  2     33   4  5     2 5  4     ",
"  1  2     33  4   5     2  5 4     ",
"  1  2    1    3 4 432    2  55     ",
"  1  2    1  1 3 4 532    2  6      ",
"  1  2    1  2  34     5  34   5    ",
"  1  2    1  3 4 12  3   5  6   6   ",
"  1  2    1  3 4 5 5    6   2  2    ",
"  1  2    1  3 4 524 1  6   3   3   ",
"  1  2    1  3 4 54  2    4  65     ",
"  1  2    1 3  4   5    6  5       4",
"  1  2    3    2 454 6    3  66     ",
"  1  2    3    4 1 45     2  36     ",
"  1  2    3    4 5  63   3    5     ",
"  1  2    3    4 5 6      5  31     ",
"  1  2    3   2  4 3 5   4   36     ",
"  1  2    3   42 5 6    5  3       4",
"  1  2    3  1 2 4 425    5  1      ",
"  1  2    3  14 5  6   1  3  4   3  ",
"  1  2    3  2 3    4  5 5  6   3   ",
"  1  2    3  2 4   35     3  6      ",
"  1  2    3  2 4   4      5  3   5  ",
"  1  2    3  2 4   53     5  6      ",
"  1  2    3  3 2 425 6   1    6     ",
"  1  2    3  3 4  4     2    1   5  ",
"  1  2    3  4 2  5  6   3   42     ",
"  1  2    3  4 5   6   1  5  3      ",
"  1  2    3  4 5  3  2  6    4 2    ",
"  1  2    3  4 5 1  6     4  3 3    ",
"  1  2    3  4 5 3 36   4    1      ",
"  1  2    3  452    2  6 5    2     ",
"  1  2    3  456   1   4  3 1    2  ",
"  1  2    3 13   4 5    5  2      6 ",
"  1  2   1     3 4 35     2  1 6    ",
"  1  2   1     3 4 35  6 1 6    6   ",
"  1  2  3  11  4   5   62   1      4",
"  1  2 2  3   42 5       5   1   3  ",
"  1  2 3   4  2  56 4       2    3  ",
"  1  2 3   4  2 5  64       4    3  ",
"  1  2 3   4  5 2     1 1  6   4    ",
"  1  2 3   4  54      6 5   4  6    ",
"  1  2 3  1 3 45       4 5  6 1     ",
"  1  2 3  4    4 3  25   2  1 1     ",
"  1  2 3  4    5 63 5   2    3 1    ",
"  1  2 3  4   4  53 5    1  6    2  ",
"  1  2 3  4   53         6   31  5  ",
"  1  2 3  4  452          41       6",
"  1  2 3  4  456       4  4  13     ",
"  1  2 3  4 2  5    4    2   6   4  ",
"  1  2 3  4 5  63    5     4   6  1 ",
"  1  22    3 1 43  4      5 1    2  ",
"  1  22    3 4  3    4  3   1   5   ",
"  1  22    3 451      4 6       3   ",
"  1  22   1  3 2   4 5    5  6      ",
"  1  22   1  3 4   5 2    4  6      ",
"  1  22   1  3 4 1   5  4   6   6   ",
"  1  22   3  4 2   5 4    6  5      ",
"  1  23    1 4  1  5 4    6  4    3 ",
"  1  23    4 135   5  1   6 3       ",
"  1  23    4 451   3  4     5      1",
"  1  23   1  4   3   2   5   4    6 ",
"  1  23   4    4 5 5      43  1     ",
"  1  23   4    5 6 5      2 1      3",
"  1  23   4    5 6 6      2 1      3",
"  1  23   4    5 6 6      4 3    2  ",
"  1  23   4   24       56   3   3   ",
"  1  23   4   25       4 3  6 1     ",
"  1 2      1   3 2 34    5   66     ",
"  1 2      1   3 243   5  6 5 1     ",
"  1 2      1 1 3 4 4 2    5 6  6    ",
"  1 2      1 1 3 434     2   5  5   ",
"  1 2      1 2 3   45   4    6    4 ",
"  1 2      1 2 3 4  5   4    6      ",
"  1 2      1 2 3 4 4 2    3 5 5     ",
"  1 2      1 3 2 4 4 5    43  6     ",
"  1 2      1 3 4 2 2 5    3 6 6     ",
"  1 2      1 3 4 2 253    3 6 6     ",
"  1 2      1 3 4 245 3    3   6     ",
"  1 2      1 34  2   3    2 5  6    ",
"  1 2      1 345   5 4       32     ",
"  1 2      3    45 52  1  3 6  6    ",
"  1 2      3   3 4 356    3  12     ",
"  1 2      3   4 1 456  6    5  2   ",
"  1 2      3   4 5 65  1  63   1    ",
"  1 2      3   4 514      2 3 6     ",
"  1 2      3   4 55       4 3  1    ",
"  1 2      3  45   6 2  1    2 3    ",
"  1 2      3 2 3   4 5    2  16     ",
"  1 2      3 2 4 5 43     5 1       ",
"  1 2      3 2 4 5 56     2 5    2  ",
"  1 2      3 243   5 4  5    6      ",
"  1 2      3 3   415    2   6       ",
"  1 2      3 3  415      6   4   2  ",
"  1 2      3 345    6  46   1       ",
"  1 2      3 4   23  5   6  4   3   ",
"  1 2      3 4   53      2  4   6   ",
"  1 2      3 4 5   26   4    1      ",
"  1 2      3 4 5   5   1  6 3    2  ",
"  1 2      3 4 5 1  6     53  1     ",
"  1 2      3 4 5 25  4    4 6 2     ",
"  1 2      3 4 5 65  3   3      4   ",
"  1 2      3 4 5 65  4    4 6  2    ",
"  1 2      3 425   1   6  5 1       ",
"  1 2      3 435   2   6  2 5       ",
"  1 2      34    2 3 5  2   3  6    ",
"  1 2  3   4 543       63       2   ",
"  1 2 2    3 4   1   5    3 6 6     ",
"  1 2 3    4   1   5      2 4      3",
"  1 2 3    4   5 6 5 2    3 6  1    ",
"  1 2 3    4 1   2  45    2 4 1    6",
"  1 2 3    4 5 2       5  2 6  6    ",
"  1 23           4 43     2 5 6    1",
"  1 23           454    2   6   63  ",
"  1 23        3  4 5    5  2   1  4 ",
"  1 23        3  4 5 2   1   26  3  ",
"  1 23        34   1     4  1   2  5",
"  1 23        34   5 3  6    1  2   ",
"  1 23        4 5  5   6  2   3     ",
"  1 23        41   5    6    54   1 ",
"  1 23        45   3    6    2    4 ",
"  1 23       145   2   1 35  4      ",
"  1 23       2 4 1  5   3 4  5      ",
"  1 23       2 4 565      2 1       ",
"  1 23       3   45       4  1   6  ",
"  1 23       3   45  6    2 16      ",
"  1 23       3  14     55   4  2 5  ",
"  1 23       3  411    5    5 56    ",
"  1 23       3 4 5  4     3 5  6   2",
"  1 23       3 4 5 542    6 1       ",
"  1 23       3 4 5 643  2    1      ",
"  1 23       4   56       43  2  5  ",
"  1 23       4 1 251 3    3  6      ",
"  1 23       4 2    3  5 1  5 4     ",
"  1 23       4 3     5  2    1  3   ",
"  1 23       4 5       6  6  1 2    ",
"  1 23       4 5   3   4  3  16     ",
"  1 23       4 5 1        6  52     ",
"  1 23       4 5 26     2    5    4 ",
"  1 23       4 5 6  5     32  1     ",
"  1 23       45  2 1   4  3 5       ",
"  1 23       456   1   4  3 6 1     ",
"  1 23      1  4   3    4   1   2  5",
"  1 23      3  2   4   1  4 5 2   1 ",
"  1 23      3  4   1   5 4  6   3   ",
"  1 23      31 4          2  55    4",
"  1 23      4   3      52  6    5   ",
"  1 23      45   1   2  31 5        ",
"  1 23      45   6     52   3   3   ",
"  1 23      45 2   3   5  3 6       ",
"  1 23     1   24 54 1    3   1     ",
"  1 23     1  23   4      3 566     ",
"  1 23     1  4 5  2 3   6 2    2   ",
"  1 23     1 1 3    3        45 2   ",
"  1 23     1 2  1  4      5 62      ",
"  1 23     1 2  4   53  41      2   ",
"  1 23     1 2  4 5       5 3 43    ",
"  1 23     1 3  1  4      3 5 6     ",
"  1 23     1 4 2   3  1 2   5   3   ",
"  1 23     1 4 2 5   3  4 5    3    ",
"  1 23     1 4 3   5  1   52  3     ",
"  1 23     1 4 3  3       2  5    6 ",
"  1 23     1 435        6   4 3 4   ",
"  1 23     134 1     3    5  6 6    ",
"  1 23     145 2      5 3       6   ",
"  1 23     4    3  35   4 3 51      ",
"  1 23     4    3 15      24  6     ",
"  1 23     4    45  4 6  3   21 2   ",
"  1 23     4   2   52   6   1   3   ",
"  1 23     4   2 5 5     36 4 1     ",
"  1 23     4   3  4      3  511 5   ",
"  1 23     4   3 2 2 4  2 3  5 4    ",
"  1 23     4   34 5       6  13     ",
"  1 23     4  2 3        1  5 26    ",
"  1 23     4  23   5    6 3 1       ",
"  1 23     4  24   3     54 12      ",
"  1 23     4  24   4  3 2   515     ",
"  1 23     4  24   5   16   1 2     ",
"  1 23     4  34   5      2  16     ",
"  1 23     4  34   5 3    2  66     ",
"  1 23     4  4  5  56  5      2    ",
"  1 23     4  435        6   52     ",
"  1 23     4  435       6    5 2    ",
"  1 23     4  53   4   63    5  4   ",
"  1 23     4 1    3       3  1 4 5  ",
"  1 23     4 1  3 2  4  1 2  5  6   ",
"  1 23     4 1 2   5  3   6 42      ",
"  1 23     4 2     5      3 42    6 ",
"  1 23     4 2  5    4    4  6 3    ",
"  1 23     4 251   6   25 2         ",
"  1 23     4 3  1       4  5    3  1",
"  1 23     4 3  5  6      2 3      5",
"  1 23     4 3 4      1 5 3     6   ",
"  1 23     4 3 4    2 5  6  3 2     ",
"  1 23     4 3 4    5    6 5 2      ",
"  1 23     4 3 4   5 2  6   1   3   ",
"  1 23     4 3 4  5       2 61      ",
"  1 23     4 3 4 2        2 5  6    ",
"  1 23     4 35 1    3  5 2    6    ",
"  1 23     4 4   1   3  3 4 1 5     ",
"  1 23     4 4   52     6 4 3       ",
"  1 23     4 4   53     6 4 32      ",
"  1 23     4 4 1   5  4 2   5       ",
"  1 23     4 4 3    2   5   4 2    5",
"  1 23     4 5    2       6 32    1 ",
"  1 23     4 5   6  2   2 43        ",
"  1 23     4 5   62  3    5 6 6 2   ",
"  1 23     4 5  3  3 2    3 1 6    2",
"  1 23     4 5 1      6 62      3   ",
"  1 23     4 5 1   3    6 3  1      ",
"  1 23     4 5 2     3  6 3 1   5   ",
"  1 23     4 5 2     4   34 6 2     ",
"  1 23     4 5 2     4  2   6   3   ",
"  1 23     4 5 2   3      3 61      ",
"  1 23     4 5 24   2   6   1  15   ",
"  1 23     4 5 3       641      3   ",
"  1 23     4 5 3  3       4  2    6 ",
"  1 23     4 5 31        1 4  4 3   ",
"  1 23     4 5 4        2   6   3  2",
"  1 23     4 5 4   3      3  16     ",
"  1 23     4 5 4  1  3    2  5  5   ",
"  1 23     4 524   6      5  2    5 ",
"  1 23     4 526   1      53        ",
"  1 23     4 543       63       2   ",
"  1 23     4 56         1    6  2 4 ",
"  1 23     41  3   4    3   51  5   ",
"  1 23     413     2    4    13   5 ",
"  1 23     42  3   5  6   2 3 6     ",
"  1 23     42  4   1    45   1  2   ",
"  1 23     43  2   4    5   3   6   ",
"  1 23     43  4   4  5 2       6   ",
"  1 23     43  4   5      3 161     ",
"  1 23     43  4   5   1  3 16      ",
"  1 23     43  4   5   6  3 61      ",
"  1 23     435 4   2   6  2   4     ",
"  1 23     45      6    3 6 42 2    ",
"  1 23     45  3   6    2  4 6  6 3 ",
"  1 23    14 5 2  2      6   55     ",
"  1 23    45 1   46       6 5  5    ",
"  1 23    45 2      4    6   24     ",
"  1 23   1       452    4 3    6    ",
"  1 23   1      45 5      23  63    ",
"  1 23   1     2 4 45  161      3   ",
"  1 23   1    4  5 3   1 6 3  4     ",
"  1 23   1   245       2 3   61     ",
"  1 23   1   3   45     64  3     6 ",
"  1 23   1   4   1     5  253 3     ",
"  1 23   1   4   5  6    2   43     ",
"  1 23   1  45  3      5  6   2     ",
"  1 23   1 4   3  56    12      5   ",
"  1 23   1 4  34       5 62 411    6",
"  1 23   1 4  53   3   6 26   5     ",
"  1 23   1 4  53   6 2  5 2    3    ",
"  1 23   1 4 3   25     2 6 3  4    ",
"  1 23   1 4 3  4 5      26   3     ",
"  1 23   1 4 3 4         24  51     ",
"  1 23   1 4 5 2  3     6 3    2    ",
"  1 23   1 43      2     4   52   3 ",
"  1 23   4       251      3  6 6    ",
"  1 23   4       5  6   6 3 4  1    ",
"  1 23   4       565    1 3  4      ",
"  1 23   4     3 5 6    31      2   ",
"  1 23   4    2  5 4    6  23 2     ",
"  1 23   4    3 4      5 1 2  6 2   ",
"  1 23   4    5 3      41 2  6 6    ",
"  1 23   4   1 3 565     26 3       ",
"  1 23   4   2   5  5    4  3 1 3   ",
"  1 23   4   2  15 5    6  1    2   ",
"  1 23   4   24  5 3   4   3  4     ",
"  1 23   4   25  1      6 31        ",
"  1 23   4   3   5   2  3   6  62   ",
"  1 23   4   3  455    226          ",
"  1 23   4   3 2       55 3 4  6    ",
"  1 23   4   32  1     2  51  6     ",
"  1 23   4   5   1     4 13   2     ",
"  1 23   4   5   1  2      3  6 3   ",
"  1 23   4   5   2 3   64   3   3   ",
"  1 23   4   5 1       22   6  1    ",
"  1 23   4   5 1   3   56 3  4      ",
"  1 23   4   563       54 2    1    ",
"  1 23   4  1  3   3   2    5 65    ",
"  1 23   4  2    5 3    5   6  64   ",
"  1 23   4  24   5     231      4   ",
"  1 23   4  4    5 5      42   2  1 ",
"  1 23   4  51   2     61 3    2    ",
"  1 23   4  52 1       6 3    2     ",
"  1 23   4 1    3 5     1 3  6  5   ",
"  1 23   4 1    4  5    3  1    2   ",
"  1 23   4 1   2   3      5 4 4 6   ",
"  1 23   4 1  5    4    1 2  5      ",
"  1 23   4 1  5 3  2   4  2   6     ",
"  1 23   4 1  53       2 63   2 4   ",
"  1 23   4 1 1  3 23    56  1      6",
"  1 23   4 1 2   5 4    5 2 3       ",
"  1 23   4 1 3  4  5  3  1 2    6   ",
"  1 23   4 1 5  1     4  12   3     ",
"  1 23   4 1 5 1   3    61   2  3   ",
"  1 23   4 1 5 23   2   6 3 4       ",
"  1 23   4 11   3  2     35  44     ",
"  1 23   4 13   4  1   55 3    4    ",
"  1 23   4 5  62   4  5 6    2    6 ",
"  1 23   4 5 3 5        5 3    2    ",
"  1 23   4 5 4  5   62  6    2    6 ",
"  1 23  2    3 4       24 3  5    4 ",
"  1 23  2    4   1    4  5   6   3  ",
"  1 23  2  4    4  43   3   51 15   ",
"  1 23  2  41  4   3  5   3   6     ",
"  1 23  21   2  4      5 43  2   4  ",
"  1 23  3    45 1  1   4 36  1   6  ",
"  1 23  3   1  4   5   6  5 61      ",
"  1 23  3  4 1  4   2    5  1       ",
"  1 23  3  4 4   51     2 4 3       ",
"  1 23  3  4 4 5        5   1  14   ",
"  1 23  3  4 456   3         6    1 ",
"  1 23  3  4 5 4   3      5  16     ",
"  1 23  3  4 54 3  1  5  3   54     ",
"  1 23  3  41  5      6   2   4     ",
"  1 23  34   3 1 5 1   4 2  4       ",
"  1 23  4     51   3      3 51      ",
"  1 23  4    5 6        3    1    6 ",
"  1 23  4   1  3   3 5  5    6      ",
"  1 23  4  1    1    5  5 3 4 4     ",
"  1 23  4  5 6    1       3  1   5  ",
"  1 23  4 15 4   2  3    5   4      ",
"  1 23  4 51  2    3     43  22   4 ",
"  1 23 2      3  2 4 5  6    5    6 ",
"  1 23 2      45   5    6    4  51  ",
"  1 23 24  1 4    1        5 6  5 1 ",
"  1 23 24  11      5      53      6 ",
"  1 23 3       4  5 3   3    2    1 ",
"  1 23 3      4  2   4  1    45   3 ",
"  1 23 3     421       5  6  2      ",
"  1 23 3    4  1    5    5   2 6  4 ",
"  1 23 3   1  45   5      51  6   4 ",
"  1 23 3   4    3  43       515     ",
"  1 23 3   4    5 1        4  4 2   ",
"  1 23 3   4  52       56   1    4  ",
"  1 23 3   4 543    24  1      2    ",
"  1 23 4       5       6  5 1 3     ",
"  1 23 4   1  51          4  52     ",
"  1 23 42  1 5    2     4  5 2      ",
"  1 23 43  512 5       26   5       ",
"  1 232        4   1      2 5   6  1",
"  1 232      1 4   5   1 2  6   6   ",
"  1 232      1 4 5        5  1 6    ",
"  1 232      2 4   14     5  1    6 ",
"  1 232      4   5   3      6 5 6   ",
"  1 232      4 1    23    5  16     ",
"  1 232      4 5       16    5  3   ",
"  1 232      4 5   1      3 6      1",
"  1 232      4 5 1        3  4 6    ",
"  1 232      4 5 1 15     3  4    3 ",
"  1 232    1  4    5    3   14    5 ",
"  1 232    1 4  35  3 4  6   4      ",
"  1 232    1 4 5    5       6 3 6   ",
"  1 232    4 5   6       4   2    3 ",
"  1 232  1    4  5        3 1 6     ",
"  1 232  1 4   4      3 1 2  5  6   ",
"  1 232  4   5   4    1 41      6   ",
"  1 232  4   56  1 1     2  4       ",
"  1 233        4   1      2  5 4  1 ",
"  1 233        4 5 5      6 4      2",
"  1 233      2   1   4    5 1 6     ",
"  1 233      4 5   1   2  6 15      ",
"  1 233    1  41      5 6    5    1 ",
"  1 233    4     5  4   4 6 32      ",
"  1 233    4     5 52    63 4       ",
"  1 233    4   2    4   5   1 6     ",
"  1 233    4   24       5 4 1   2   ",
"  1 233    4   4 2 1    1   3   5   ",
"  1 233    4  35   2    2       5   ",
"  1 233    4  4    5     62 3 4    2",
"  1 233    4 1      4     5 3 4   6 ",
"  1 233    4 5  1    4  1 2  6   2  ",
"  1 233    4 5  1   4   4 62        ",
"  1 233    4 5  1  1 4    2  6      ",
"  1 233    4 562          4 16      ",
"  1 233    4 562       5  4 1      2",
"  1 233  1   3   4  52  2 3 6       ",
"  1 233  4    4  2 5   14       6   ",
"  1 233  4   2  15     41       4   ",
"  1 233  4 1 2 5        25      4   ",
"  1 234    5  25   5   1 3   2      ",
"  1 234    5 2  6         51  2     ",
"  1 234    5 5 1        3   4   5  1",
"  1 234  1   2   5      25      6   ",
"  1 234  5   4   2  6   3    4 1  3 ",
"  12 3         4 5 4   1 2 1    3   ",
"  12 3         4 565     3   1    2 ",
"  12 3       14  5 3   4 6  3     4 ",
"  12 3       245   5   63       2   ",
"  12 3      4    5 3     1 3    3 6 ",
"  12 3     4 1 4 5 546    6    3    ",
"  12 3     4 1 5          5 3 34    ",
"  12 3     4 2  3   5    6   25     ",
"  12 3     4 2 5         5  6   3   ",
"  12 3     4 2 5  5         6 6 3   ",
"  12 3     4 2 5 1  5    36   4     ",
"  12 3     4 3   5 5 1  6    1  3   ",
"  12 3     4 56          13 4 2   3 ",
"  12 3     415          6   3   2 4 ",
"  12 3     45  4   2     45  63     ",
"  12 3    1     455    116      2   ",
"  12 3    1    4 525   161      3   ",
"  12 3    1   4 2  3   5 6   24     ",
"  12 3    1  2   4 45     4 6  1   2",
"  12 3    1  24 5      2 3   61     ",
"  12 3    1  3 4 5  4   6 2    1    ",
"  12 3    1  3 4 5  6   61      5   ",
"  12 3    1  4   2     4  35  1     ",
"  12 3    1  4   2  2  4  56  1     ",
"  12 3    1  4   5  64  31      4   ",
"  12 3    1  456   6   4 12   5     ",
"  12 3    1 2    4 3      25  6   4 ",
"  12 3    14    3 56    12      5   ",
"  12 3    14    3 56    21      6   ",
"  12 3    14 2   15     1 5 4   2   ",
"  12 3    14 2 3    3    1   55 2   ",
"  12 3    14 2 4  5     2 6    3    ",
"  12 3    14 3  2 2      5   66 3   ",
"  12 3    14 356   2  3   2    1    ",
"  12 3    14 4 3       5 34  22     ",
"  12 3    14 5  3 3       3  66 5   ",
"  12 3    14 5  3 3     6 3  2 2    ",
"  12 3    14 56          13 4 2     ",
"  12 3    144      2     56 3      5",
"  12 3    145      2     64  2    4 ",
"  12 3    4    5 652     43   1     ",
"  12 3    4   31       52 4    6    ",
"  12 3    4  2   1 53     2  43     ",
"  12 3    4  2   4  53   1   66 4   ",
"  12 3    4  2   5 3       4  4 3   ",
"  12 3    4  2   5 5      46      3 ",
"  12 3    4  2 1 4     516      4   ",
"  12 3    4  2 1 5       45  22     ",
"  12 3    4  2 5       4 35 1 4     ",
"  12 3    4  3   1  2   2  5    3   ",
"  12 3    4  3   4     1  5 3 6     ",
"  12 3    4  3   4  51  6 3    1    ",
"  12 3    4  3   5    2 2  6    3   ",
"  12 3    4  3  15 1   4  4    2    ",
"  12 3    4  3 4 55    226          ",
"  12 3    4  4   2 3    2 35        ",
"  12 3    4  4   25   3  1   5   3  ",
"  12 3    4  4   553    2  1      2 ",
"  12 3    4  5   2     6 23   4     ",
"  12 3    4  5  32  3   6 2  5      ",
"  12 3    4  5 6       526      3   ",
"  12 3    4  52  1       13   6     ",
"  12 3    4  54  6     4 16   2     ",
"  12 3    4  56    2    6    5    2 ",
"  12 3    4 1   3  3   2   5  45    ",
"  12 3    4 3   2      54  6    3   ",
"  12 3    4 5    2      2  1   43   ",
"  12 3    4 5    4 1   53 6    4    ",
"  12 3    4 5   2      61 34   2    ",
"  12 3    41    2525    1  3 2 3    ",
"  12 3    41  3 1        12  54     ",
"  12 3    41  5    1    3 2  5    3 ",
"  12 3    41  54   1     6  2 5 2   ",
"  12 3    41 1 3   2    56  3      6",
"  12 3    41 13           2  56     ",
"  12 3    41 2 1      3  15 2 6     ",
"  12 3    41 3 5      3  52   6     ",
"  12 3    41 53 2         5  26  3  ",
"  12 3    41 56          13  42   3 ",
"  12 3    411   5  3      34  4     ",
"  12 3    4113          4    5 56   ",
"  12 3    413  4   5 3  2      4    ",
"  12 3  2 1  1  4      5 3   1   4  ",
"  12 3  2 1  1  4  2   5  34   4    ",
"  12 3  3  4 4 1      4  1   56   2 ",
"  12 3  3 14    35      2 53 1      ",
"  12 3  3 4  3   5 4      4 1 2     ",
"  12 3  4  5 5   1  34    5 3 3     ",
"  12 3  4 15 5 3      5 2 5    4    ",
"  12 3 3  4      4 5 6    3   62    ",
"  12 32      145   2   1 3   5    6 ",
"  12 32   1  4   5       63 5    3  ",
"  12 32   1  4   5     2  3 5 6     ",
"  12 32   4  54  2        36  46    ",
"  12 32   41 5  3        23  64     ",
"  12 33       4  1 1  5  6  1       ",
"  12 33      42  1        5 1    6  ",
"  12 33    1 4  5   64   1  25      ",
"  12 33   4   5 1      6 3 1  5     ",
"  12 33   4  1      4   43   2     5",
"  12 33   4  32  5      4  3        ",
"  12 34    1     4   5  6 4    3    ",
"  123      1    454      2 3  1 3   ",
"  123      1 1   24        56   6   ",
"  123      1 2   43  5  26   3      ",
"  123      14    3 5      6 4 3   1 ",
"  123      4  35       1  2  34     ",
"  123      4  4 5  1   2  26    3   ",
"  123      4  5 4  4   23  6    2   ",
"  123      4 2  4      24 2  1 5    ",
"  123      4 2  5  1   2 6 3    2   ",
"  123      4 25 4  1   2 6 4  5    1",
"  123      4 3   1 1  4   45  35    ",
"  123      4 3  1      22    35     ",
"  123      4 3  5      1 26   4     ",
"  123      4 3  5      1 52   4     ",
"  123      4 345       32 5    6    ",
"  123      4 5   1        2 4 3   6 ",
"  123      4 5   2 2  6   53  3     ",
"  123      4 5   3  3   6   1   2 4 ",
"  123      425   3        2 6  3 4  ",
"  123      45  6       326      3   ",
"  123      452   3        264  6    ",
"  123      453   2        346  6    ",
"  123   2  4    52      2  6   63   ",
"  123   2  4 4   1      5 31      5 ",
"  123   3  4 4   1      5 6 4  1  5 ",
"  123   3  4 5   2       3 4  2  6  ",
"  123 2    1     4 25    1  6       ",
"  123 2    1 45  6       2  6 5     ",
"  123 4    5  4  1        25   3    ",
"  1234       3  5      6 2 6    4   ",
"  1234     14   5  2  4 3      5    ",
"  1234     5 2   34     31  5   2   ",
"  1234     5 3  2 2        6  6 4   ",
"  1234    15 2   36      4      6   ",
" 1   2  2  31 43    5 4 4  6        ",
" 1   2  2 3   41   5      3 1      6",
" 1   2  2 3   42  5  4   3   5      ",
" 1   2  2 3   45       13  6   5    ",
" 1   2  2 3  4 5  5    3    6  3   1",
" 1   2  3  4 5  1   2   6   2    5  ",
" 1   2  3  42  5    42  1   6  4    ",
" 1   2  3 4   25       1 3 2  6   1 ",
" 1   2  3 4  254       53  1      3 ",
" 1   2  3 4  542       4   1       6",
" 1  2   2  3  4  1   4  1  5   2    ",
" 1  2   2  34 53       53  6        ",
" 1  2   3  4  45 1 5 4  6  2       6",
" 1  2   3  4 256       13  4        ",
" 1  2   3  4 5 4     5 2 3      1  6",
" 1  2   3  4 5 6    6   1  2       3",
" 1  2   3  44    1 3 5      1   64  ",
" 1  23          4   451 6      2   5",
" 1  23      2       4 5  2 6  1    2",
" 1  23  2     3  45      4   1   6  ",
" 1  23  2     45        4  6  5    1",
" 1  23  2   4  5    5   6  1       4",
" 1  23  2   4 52       5 6  1       ",
" 1  23  2  4 3 4    4   5   12      ",
" 1  23  3      4    5    6   14   6 ",
" 1  23  3  4 5 2    4   6   1    4  ",
" 1  23  3  42  5        4    5  2   ",
" 1  23  4  1  3    5      1  6   5  ",
" 1  23  4  5  5    3        36   1  ",
" 1  232 3  4  53    1    4   6   2  ",
" 12 34        1  5      3    1 6  2 ",
" 12 34        1  5   3   4   1 6    ",
" 12 34        3  51 6    2   1    2 ",
" 12 34        43 1      25 4 6      ",
" 12 34       5 4 6  4     13 2      ",
" 12 34       5 4 6  4     63 11     ",
" 12 34     1  1 5   31   6 3        ",
" 12 34     1  5 4   3   4  1   3  6 ",
" 12 34     1 35     4       56   4  ",
" 12 34     2    4  45     421 1     ",
" 12 34     2   41   1    4 3   5    ",
" 12 34     2  43  1         56 6 4  ",
" 12 34     2 4 2  1         1  3   5",
" 12 34     24    5            34  26",
" 12 34    12 2    5  2 3  4  5 5    ",
" 12 34    25 4   6  52    64  4     ",
" 12 344    2   4    5    3  51    4 ",
" 123 4    2       35 4    5   14   5",
"1    2  2  3 4  1         3 5 6    1",
"1    2  2  3 4  3    5    3 6 5     ",
"1    2  2  3 4 1         1  5   3   ",
"1    2  2 1    3 1 4      5 2    6  ",
"1    2  2 3  2 4 5 5      4 1       ",
"1    2  3  1 3 4      5   6 3  4    ",
"1    2  3  4 1 3      4  3  5   6   ",
"1    2  3  4 32 4     3   5  3   6  ",
"1    2  3  4 5 1      2   2 6 3     ",
"1    2  3  4 5 1      4   2 6 3     ",
"1    2  3 4   45   1   3 2   4      ",
"1   2   2  3   4 5 56     3  2      ",
"1   2   3  1 3 4       5  6  3 2    ",
"1   2   3  1 4   5   4  5   6   2   ",
"1   2   3  1 4 5 2  54  5   6   2   ",
"1   2   3  4     3  5   2  1      3 ",
"1   2   3  4 1   3   2    4 5 6     ",
"1   2   3  4 3   2 5      2 1      3",
"1   2   3  4 3   5 6 1    4  1      ",
"1   2   3  4 3   5 6 1    5  1      ",
"1   2   3  4 5   1 3      2 1      3",
"1   2   3  4 5   3   1   1  6   6   ",
"1   2   3  4 5 2 3        4 6 2     ",
"1   23  2       14        56  2    1",
"1   23  2  1 4 5      1 6       5   ",
"1   23  2  4 1   5  4   6   5     3 ",
"1   23  2  4 1 4      5  64   2     ",
"1   23  2  4 3   5  1   42  3       ",
"1   23  2  4 5 3    3   4    1    6 ",
"1   23  2  4 5 43         3  1    6 ",
"1   23  2 14     2 5    6 1 4       ",
"1   23  21    4 1      54  6   3    ",
"1   23  24       5  3   3   4  64   ",
"1   23  24    4  5 5    42  3   1   ",
"1   23  24   5   1  6   6 1 4       ",
"1   23  24   5   2        4 65 1    ",
"1   23  3    143   5   15    6    1 ",
"1   23  3    3   1  4 5   16       5",
"1   23  3    4   1   2  5   1   2 6 ",
"1   23  3    4   5  1   6    1  2 5 ",
"1   23  3    4 2 5  61  6   5       ",
"1   23  3    415   3   4  6 5       ",
"1   23  3    456       45   6   1   ",
"1   23  3  1 4 2 5      2  1    5   ",
"1   23  3  4   2   4      5 1 2     ",
"1   23  3  4  54       26   1       ",
"1   23  3  4 1      2   2 1 4  5  3 ",
"1   23  3  4 2      4       155   3 ",
"1   23  3  4 3 4       15 4 1       ",
"1   23  3  4 5            2 31    4 ",
"1   23  3  4 5  1   63  6 1 3       ",
"1   23  3  4 562       54   1       ",
"1   23  31    45       2 3  6 6    5",
"1   23  34     2 5 5      1 3      4",
"1   23  34    5 3      12      4    ",
"1   23  34    51       2 6  1 3     ",
"1   23  4  1   1      3   1  5 6    ",
"1   23  4  5 516      5   6 1      6",
"1   23  41   2   5       52   6     ",
"1   23 42  1  12   3      3 5 5  3  ",
"1  2 3  2    3   4  5    1   6    4 ",
"1  2 3  2  1 4 51        5  6   6   ",
"1  2 3  2 4     35 5    42 3    1   ",
"1  2 3  2 4    5       1 45   3     ",
"1  2 3  2 4   31       4 5   6  4   ",
"1  2 3  2 4  5   1      6   3   46  ",
"1  2 3  2 4  5 1       461      4   ",
"1  2 3  2 41    3   5     3  46    2",
"1  2 3  3    3   4  15   54 6       ",
"1  2 3  3    3  45 4   1  21        ",
"1  2 3  3    3 4 1 4      5 6      5",
"1  2 3  3  4 513     1  43      6   ",
"1  2 3  3 1      4 45    1 6      2 ",
"1  2 3  3 1    4 5 4   165      2   ",
"1  2 3  3 4      5 51     6 1      4",
"1  2 3  3 4  3   5  6  2 453  3     ",
"1  2 3  3 4  3 1       5 6   4  1   ",
"1  2 3  3 41 3 4          4  5 6  2 ",
"1  2 3  4 1   5  6 2      2 6       ",
"1  23   3  1 2 4       5 1  6 6 2   ",
"1  23   3  4 4   5      43  6   2   ",
"1  23   3  4 5   1       6  4   26  ",
"1  23   4  5 1   2       215  3     ",
"1 2 34     1 2   5  3   2   43  4   ",
"1 2 34     1 2 1     3    3 2   5   ",
"1 2 34     1 5 4    4   4    2 26   ",
"1 2 34     2 3      5   3   41  4 6 ",
"1 2 34     2 3 5        5 3    4    ",
"1 2 34     2 4  5         3 4 5    1",
"1 2 34    51 3 4       3  4  6 6    ",
"1 2 34   1    1  2 5    5   4   4   ",
"1 2 34  3  2    4    5  5 4 6 3     ",
"1 2 34 3   5 4      6       23  35  ",
"1 23 4     2 3 5    52    1   4     ",
"1 23 4    51  3 1       3  1   2   5",
"1 234      1 3 5       43 4 6       ",
"1 234      2  52       12   6   3   ",
