"     1  2 3 1  45  6  2 2      3    ",
"    12        23   4   5  6  34   5 ",
"    12       3 4    5  6 1  4   2   ",
"    12       345    6  4 1  5 6     ",
"    12     3  24   1     3  5   6   ",
"    12     3  4  1 2 5  3 5    4    ",
"    12     3  4  1 2 5  6 3    4    ",
"    12     3  41    3  4 3  5 1     ",
"    12     3  41    53  5   6  2    ",
"    12     3  42   3     52  64     ",
"    12     3  45      2 4 5   1     ",
"    12     3 453    6   5   4  2    ",
"    12     3 453    6  5 1  3 6     ",
"    12    34  3  1  5    1  4 5     ",
"    12   3    14 5 6      2  3 3    ",
"    12   3    2  4 43     1 5  6  2 ",
"    12   3    24 5 5   3  1 3  3    ",
"    12   3    3  4 52     6 3      1",
"    12   3   3 4 5  6   2    3  3   ",
"    12   3   41  5     13   2   5   ",
"    12   3 4  32   21     4  5 6    ",
"    12   3 4  5  1 4 5  3 2    6    ",
"    12   3 4  5 2  6 4  1 4   5     ",
"    12   3 4 1      4    56  14   6 ",
"    12   3 4 1  23  2      4  5 4   ",
"    12   3 4 1 4    4 2  35  16     ",
"    12   3 4 2   5  4 2 4 2     6   ",
"    12   3 4 42         4 5  16     ",
"    12   3 4 5 2    6 4 1 2   56    ",
"    12   3 4 5 4    6 2 1 4   6     ",
"    12   3 4 562         23  5  1   ",
"    12  1  3 4  5    3  5 6    2    ",
"    12  1  3 4 2       1 25   6     ",
"    12  1  3 4 5    2   4   6  2    ",
"    12  1  34  2   5  3  26   3     ",
"    12  13      45  5  1 16   5     ",
"    12  13   1  45  4    2   3  3   ",
"    12  13   3   4 4 5  6   5   3   ",
"    12  13   3   4 5    4 5 6       ",
"    12  13   4   51     6    3 2    ",
"    12  13   4 5   3   46   5   3   ",
"    12  2  3 4 5 1      4 1    3    ",
"    12  2  3 453       46 32        ",
"    12  23     4 5  6    24   6     ",
"    12  23   1   456      1  33     ",
"    12  23   2  45  5  3 1      3   ",
"    12  23  13   4       4  5 3  4  ",
"    12  23  2   4  1   56  4   3    ",
"    12  23  4      5    3    4  6 3 ",
"    12  23  45  6      55 4    3    ",
"    12  3    4   15       2 4   5  6",
"    12  3    4   53  6    1 6 4     ",
"    12  3  4  5    4     5 6  4    5",
"    12  3  4  5 6  1     6 54 5     ",
"    12  3  4 3 14       5 4 3  6    ",
"    12  3  4 4  2   2     4  5 6    ",
"    12  3  4 4 2    5     2  36     ",
"    12  3  4 5  3    5  5 2   4     ",
"    12  3  4 524        6 4  3      ",
"    12  3  4 542        6 2  3      ",
"    12  3  4 542       56 2  3      ",
"    121 3    4   5   6    5 6 4    1",
"    122 1    3   4   5    3 4   6  5",
"   1 2     3  14   5     64 2 3    4",
"   1 2    3   1 45 6      2  3 3    ",
"   1 2    3   2  3 3      145  4    ",
"   1 2    3   4  3 53   4   2  1  6 ",
"   1 2    3   42   1   54    6  6 2 ",
"   1 2    3  14 5      1  35  6     ",
"   1 2    3  2   4  1   3 56        ",
"   1 2    3  2   4  5     652 5     ",
"   1 2    3  245    6  454   1      ",
"   1 2    34     5 64   15      3   ",
"   1 2    34  1  5 4     6  1 4 3   ",
"   1 2    34  1  5 6    34      2   ",
"   1 2    34  3  5 6    12      4   ",
"   1 2    34  3 2  21     4  5 6    ",
"   1 2    34  4 2  3    5    1  6   ",
"   1 2    34  4 2  3    5    1 16   ",
"   1 2    34  42   2   54 2     6   ",
"   1 2    34  54   6 2  23      4   ",
"   1 2    34  54 3 4    45   6  2   ",
"   1 2    34 3  2   4   1    5  5   ",
"   1 2    34 4 2    5   15   3  2   ",
"   1 2    34 5  4   6     23  1     ",
"   1 2  1  3 4  2 5  3  2 6    3    ",
"   1 2  1 3  1 4 5  4    2   3  3   ",
"   1 2  1 3  2 4 55    3 1    3     ",
"   1 2  1 3  3  4      556      4   ",
"   1 2  1 3  4 3 5     1  32  5     ",
"   1 2  1 3  45  6       1 4    2   ",
"   1 2  2 3     45  6    24   6     ",
"   1 2  2 3  2 4 5  5  3  3    1    ",
"   1 2  2 3  3  45  4   62   3      ",
"   1 2  2 3  3  45  6    24   6     ",
"   1 2  2 3  4   5 5  2   4  6 2    ",
"   1 2  2 3 45 3   1   6  1   3     ",
"   1 2  2 3 45 3   1   63       1   ",
"   1 2  2 3 45 6       55 4    3    ",
"   1 2  3  4 4 2    2     4  5 6    ",
"   12      3  24 5 6   1  13   3    ",
"   12      3  24 5 6   1 3      1   ",
"   12      3 3  45  6  2  3   2     ",
"   12   1  3 4   5   4    3  25     ",
"   12   2  3    41 4   5 53   2     ",
"   12   2  3 3 4 5  6  1  3   1     ",
"   12   2  3 4   5       5  3 4  5  ",
"   12   2  3 4 5 2       3   5  5 6 ",
"   12   3  4     2 5      1 3  6    ",
"   123     4  1 4  5     4   22 6   ",
"   123     4  35   5    3 5 6  26   ",
"   123     4  5  1 4  5 6 3    2    ",
"   123     4 5 2    1 3 6 2    3    ",
"   123    45  2  4 3 2  1 5    6    ",
"   123  2  4 4  3   5     3  26     ",
"  1  2     1 2 3    4    4 5  6     ",
"  1  2     3  4 5  6 3  2    5 1    ",
"  1  2     3  42   5  3 5   6  4    ",
"  1  2     3 2  1  4      5  1    6 ",
"  1  2     3 24     5    4  1 1  3  ",
"  1  2    1   23 4       5   36     ",
"  1  2    1  3   4 5 6    3  64     ",
"  1  2    1  3 2 4 423  5       3   ",
"  1  2    1  3 2 454 3    3   6     ",
"  1  2    1  3 2 454 3  6       3   ",
"  1  2    1  3 4 5  6   5  1      5 ",
"  1  2    1  3 4 545 2  2    3      ",
"  1  2    3   2  4 56    6  2      6",
"  1  2    3   24 5 6 3   2    1     ",
"  1  2    3  1   453      32   6    ",
"  1  2    3  3  4      54  2   6    ",
"  1  2    3  3 4  56    2    3      ",
"  1  2    3  3 4 56    12   1       ",
"  1  2    3  4   1  23  5   4       ",
"  1  2    3 4   5      1 2 5    6   ",
"  1  2    3 45   1 3 6    3   2     ",
"  1  2   3   3  456    12  1        ",
"  1  2   3   3 4       54   2  6    ",
"  1  2 2   3   4  4 5    6   41  2  ",
"  1  2 3  4   25 65  2       3   4  ",
"  1  22   3    4 3  5   6    1      ",
"  1  23   1    4 5  4   4   6  2    ",
"  1  23   4  5 2 4       1   5    6 ",
"  1  23   4  5 6 3   2  6       3   ",
"  1 2      1 1   2 2 3  4    5  6   ",
"  1 2      1 3 4   54   6    2    3 ",
"  1 2      1 3 4 5 54   6    2    3 ",
"  1 2      1 324   4   56       4   ",
"  1 2      3   4 5 4      6 3 2     ",
"  1 2      3 1  42 5   6  4 6  6    ",
"  1 2      3 4   5   4  5  6   2    ",
"  1 2  3   1   1 4  5     62  3    6",
"  1 2  3   4   5 61     5  2    3   ",
"  1 2  3   4  5  2   4  6    1   6  ",
"  1 2  3   4  51     6   6    1     ",
"  1 2 3    4  52       1 4  5       ",
"  1 2 3    4  56       12   1   3   ",
"  1 2 3    4 5 6 1   4  1       6   ",
"  1 23         3 4 4 5  1    6  3   ",
"  1 23         4 5 5 2  1   6   2   ",
"  1 23         4 5 5 3  2    6  3   ",
"  1 23         4 5 6     1  3   3  1",
"  1 23        34   1 3       56 5   ",
"  1 23        34 5      6  3   1   2",
"  1 23        34 5 4     3   16     ",
"  1 23       1   45  6  2  3    5   ",
"  1 23       1 2 4  25       26 4   ",
"  1 23       1 3    34       56 5   ",
"  1 23       4   1  5   2  4 6      ",
"  1 23       4   25       6  1   6  ",
"  1 23      4    5 2 6   1  5   2   ",
"  1 23     1  214    3  5    4 4    ",
"  1 23     1  234        5   46     ",
"  1 23     1 4   2   5  6 2    3    ",
"  1 23     14  2   5  3  26   3     ",
"  1 23     4    5   3    6 2 1 1    ",
"  1 23     4   2   3     56  24   6 ",
"  1 23     4   2  3     5 6  2 4  6 ",
"  1 23     4  2  5 36       46   2  ",
"  1 23     4  24   3      5  16     ",
"  1 23     4  3 4  2      5  66     ",
"  1 23     4  3 4  2  1 5    1  6   ",
"  1 23     4  43   5   64 5    3    ",
"  1 23     4 1  5 3     6 3  5      ",
"  1 23     4 2  1   3     54  6    1",
"  1 23     4 2  3   3 5 3       5   ",
"  1 23     4 2  5   34  6       5   ",
"  1 23     4 2 4      5 65    1     ",
"  1 23     4 234   1     54  1      ",
"  1 23     4 4   51     32  4       ",
"  1 23     4 4 1       2 54   3     ",
"  1 23     4 42     5   2   61 1    ",
"  1 23     4 5   1  2    36 422     ",
"  1 23     4 5   21     2   6   3   ",
"  1 23     4 5   6  43  4 5    3    ",
"  1 23     4 5   61  3  6 2     5   ",
"  1 23     4 5 1        3    5  4   ",
"  1 23     4 5 2        1   6   3   ",
"  1 23     4 5 2      4 2   6   3   ",
"  1 23     4 562   1        6   3   ",
"  1 23     41  3   5   66 2     5   ",
"  1 23     45  1      6   2  63     ",
"  1 23     456            63  1   6 ",
"  1 23    14 5 1        3    5  4   ",
"  1 23    45 3   1   3    4 1 2     ",
"  1 23   1     4 5 6   2 1      3   ",
"  1 23   1   2   4 5     136      3 ",
"  1 23   1   3   4   5    3  26     ",
"  1 23   1   4   5  6 4 61      2   ",
"  1 23   1 4 5 34       3    6 2    ",
"  1 23   4       5 35   4  2   1    ",
"  1 23   4       56       3  4 2    ",
"  1 23   4    2  4 3   25 6         ",
"  1 23   4    5 3  3   46    1   2  ",
"  1 23   4   15 3  6   1 3      2   ",
"  1 23   4   2   15       2 3  6    ",
"  1 23   4   3   5  5  41 4    2    ",
"  1 23   4   4   5      2   3  13   ",
"  1 23   4   4   51  3   24   5     ",
"  1 23   4   4 1 5  6    3    2     ",
"  1 23   4   5 3 2  3   3 5  6 1    ",
"  1 23   4  5      4    3    51   6 ",
"  1 23   4  5   6  1   42 4  5      ",
"  1 23   4 1    35      4 3  2 12   ",
"  1 23   4 1   1   5      2 343     ",
"  1 23   4 1 1   25       5 3 36    ",
"  1 23   4 1 1   53  1  6       3   ",
"  1 23   4 1 1  3 53      3  2 6    ",
"  1 23   4 1 1 3  5       6  2 2  4 ",
"  1 23   4 1 2  34      5 4    6    ",
"  1 23   4 1 3   2      2 4 3 51    ",
"  1 23   4 1 5      6   1 3  6      ",
"  1 23   4 1 5      6   2 3  6      ",
"  1 23   4 1 5  3        3   25     ",
"  1 23  2    1   45      631       6",
"  1 23  2   4   1  1   5 3 4        ",
"  1 23  24 1 5 1         16  44     ",
"  1 23  3    3   1       4  1 5  6  ",
"  1 23  3   3  4   1   56    4    5 ",
"  1 23  3  4 2  15       36   4     ",
"  1 23  3  43  5        5   1 1 2   ",
"  1 23  31   3  4      5 425  3     ",
"  1 23  34 5   5       1 5   41     ",
"  1 23  34 5 361      3  1      5   ",
"  1 23 2         2 45   1    5   6  ",
"  1 23 2      43    5  4     15     ",
"  1 23 2   14  1    3  56      3    ",
"  1 23 24  5 4 5  5          6   1  ",
"  1 23 3         1 45   3  6 5  6   ",
"  1 23 4   5  26  6     3   1    3  ",
"  1 23 4   5  53  3     1  5       6",
"  1 232      1   4  5 6  6   5  3   ",
"  1 232      1   4 4 5    6 51      ",
"  1 232      3 4    2   3    5    6 ",
"  1 232    4 14          25 31      ",
"  1 232  4   1   5 6      3  2    3 ",
"  1 233        4 5 5   2  6 3    2  ",
"  1 233      3 4 5        5  16     ",
"  1 233      3 4 5  4        16 5   ",
"  1 233    1 4 1        5   6   6  5",
"  1 233    4  5    6      4 31     2",
"  1 233    4 5      6     4 31     2",
"  1 233   14 5 4       2  6   4     ",
"  1 233  4    4  5 5      2 6 46    ",
"  1 233  4 1 3  45 54   4  1   1    ",
"  1 234      5   2  6   3   5      1",
"  1 234    5  32       1 5  3       ",
"  12       1 1  2334   5  45   6    ",
"  12       3 1 4 2 5   6  46   6    ",
"  12       3 4   5    4 5   6  2    ",
"  12 3           4 5      3 6 2  4  ",
"  12 3       1  455       24  1   3 ",
"  12 3       4   56  3  2   4   4   ",
"  12 3      3  4   5   6  5  44   6 ",
"  12 3     1  45   2  3 65          ",
"  12 3     4   5   6    3    5  2 4 ",
"  12 3     43  1   1      3 5 56    ",
"  12 3    1     45 6   2  3    1    ",
"  12 3    1  2 4       5 3  6   2   ",
"  12 3    1  3   4    5   3  26     ",
"  12 3    1  4   5    2 6    2 3 5  ",
"  12 3    14 2 1 5      4 2    36   ",
"  12 3    14 3 5         5  2 3     ",
"  12 3    14 5  2  3   56    2  3   ",
"  12 3    4  1 5 4     62 3    6    ",
"  12 3    4  1 5 66    4 23   1     ",
"  12 3    4  2   536     13 2       ",
"  12 3    4  2 3 5  3   6 5         ",
"  12 3    4  3   56       3  42     ",
"  12 3    4  3  15  6    2    3     ",
"  12 3    4  4   5  3   3 5 2       ",
"  12 3    4  5   6        3  42     ",
"  12 3    4  5   6 3      3  42     ",
"  12 3    4  5  21        26   3    ",
"  12 3    4 1   3  4   5 24   5     ",
"  12 3    4 23   4       5 6  6   3 ",
"  12 3    4 35 4   2   6 13 2       ",
"  12 3    4 4    5       2 3  1 3   ",
"  12 3    41   3 5      4 3  2 12   ",
"  12 3    41 2 3 5  3   6 5  2      ",
"  12 3    41 3  15      4 6    2    ",
"  12 3    41 5  3 2     6 23        ",
"  12 3    41 5 3         3   25     ",
"  12 3    415   2  1  3  2 4    6   ",
"  12 3  2 14 2  353   2  4      3   ",
"  12 3  2 143   2  2   5 4 3        ",
"  12 3  2 4  5  32      3 5  6 1    ",
"  12 3  2 41 5  1        16  44     ",
"  12 3  3 4     15  6   2      3    ",
"  12 3  3 4     5      1 5   41     ",
"  12 3  4     31       5 1   26     ",
"  12 32    1  41      3   5 4  6    ",
"  12 32   4    4       135   2  6   ",
"  12 33   4   4  5 5      26  46    ",
"  12 33   4  3   5  5     4 1 6     ",
"  12 33   4  3  1      2 1 4 5  5   ",
"  12 33   4  4 5   1   42 4  6      ",
"  123      1   4 3 5      6  22     ",
"  123      1 345       365          ",
"  123      4  5  1 6      2 4 3  5  ",
"  123      4 2 5 1  6   2      3    ",
"  123      4 5   31       2 4 3     ",
"  123      415     2      4 5      3",
"  1234    15 3   1  6     3 4 6     ",
" 1   2  2 1   34 5   6   2    4     ",
" 1   2  2 3  452     5  3    4      ",
" 1   2  3  1   4  4 5   3  1   6   4",
" 1   2  3  1  24 54     3  2      6 ",
" 1   2  3  4  25 65  4  3  2      6 ",
" 1  2   2  3   4   45   2    5  6   ",
" 1  2   3  1   4 2  5    6   3      ",
" 1  2   3  4     5  6    6 2  3   4 ",
" 1  2   3  4   5 2  6    4   3      ",
" 1  2   3  4  42   5   3  2 3    6  ",
" 1  2   3  4  51        3    5 4    ",
" 1  2   3  4  53     6   6    3     ",
" 1  23         45 5   6  3      1  6",
" 1  23  2  14 5          6  5    3  ",
" 1  23  3     41    5    5   66  2  ",
" 1  23  3    421        4  5    6   ",
" 1  23  3  4  53     6   6    3     ",
" 1  23  4  1 5      6   5   6    1  ",
" 1  23  4  15  2    1    5 16       ",
" 1  23  4  5  35        5  3 63     ",
" 12 34        42 1      4    5 6    ",
" 12 34        42 1   3  4    3 5    ",
" 12 34        52       64 3 2       ",
" 12 34       231        2  5    6   ",
" 12 34  3  23  2      5   4   6     ",
" 1234      5 2  6 6       3    6 2  ",
"1    2  2  1  34   5      65       4",
"1    2  3 1    2 4 425  3       5   ",
"1    2  3 4  5 6 3   2  3       6   ",
"1   2   3  4 5 6 1   4  6       1   ",
"1   23  2      4 5  6   3    1    3 ",
"1   23  2      4 5  63  3    1      ",
"1   23  2     43   5   25    6   1  ",
"1   23  2    1   4   5       24 6   ",
"1   23  2    4 1   1   5 2 6      5 ",
"1   23  2  1 4 5      1   5   4     ",
"1   23  2  1 4 5      3 6       5   ",
"1   23  3     1  4 3 5   6 1      4 ",
"1   23  3    3 4 5 6         1    3 ",
"1   23  3    3 4 5 6        3      1",
"1   23  3    4 5       26    5  1   ",
"1   23  4    4   1        25   6  1 ",
"1   23  4  1    1    5   2  6   6   ",
"1   23 23  4    4  45     1  6    1 ",
"1   23 24  5  35         5 3 6      ",
"1  2 3  3 1  4   5 1       46       ",
"1  2 3  3 4  5 6       52    4  1   ",
"1  2 3  4  5  1    5    5    1    6 ",
"1  2 3  4  5  1    5    5 6  1    6 ",
"1  23   2  1    45  6     13  3     ",
"1  23   3  1  4 5  5   246      2   ",
"1  23   3  1 45         6   5      2",
"1  23   3  4    51        26  36    ",
"1  234  3  5 5      1   5    1    6 ",
"1 2 34        52       6 34 2       ",
"1 2 34   1    5 4  2   62  4    3   ",
"1 2 34   2   2   5        3 4 41    ",
"1 2 34  5  6    6    2  3   1   1   ",
"1 23 4    1  3 5       6 21   5     ",
