"        5  5 3169 3    914   96     57     86     83   483    1 5324 8  9      5 ",
"      2 378  1      26 3 18     96  67     81  53     29 4 18  3   2  478 4      ",
"  1     6    3 19 54  19     5   8  9  1 5  3  7   6     32  68 86 4    3     41 ",
"  1  3  2 6    9 54 2  6     5     8   1 2   7     6     5  1 66 8 2  7 2  4  8  ",
"  231   6      8  6  2   5925        7 6 2 8        6152   1  8  8      1 3 249  ",
"  61  2  5    34 793     56 759     4       5     468 29  5  646 74    3  4  27  ",
"  63  458 7         4 1 9 75          91 52          69 1 2 7   6     2 325  46  ",
" 5 3    12       8   1  95  3 8    6  7   8  5    7 2  79  2   6       23    4 7 ",
" 9    4 8  83 1   1  4  3        6   471 389   5        4  9  7 1 2 45  5 9    6 ",
"16   375  9       7 2 1  93  58     2             46  34  2 9 5       2  294   16",
"5  1  7 91    3  8  2   15   78       5   6       78   79   3  2  4    18 1  25 7",
"8       29 5 3 6   3   1 7   7 1    5       6 4  5 8   9 2   1   6 4 3 54       9",
