"        121 36   59 5  1 2 5  6   8   6   5   7   3  6 5 2  1 88 2 54 737        ",
"        215    6  6 231 45  7 5  9 6         5 4  3 8  91 247 5  5    244     8  ",
"        29 81   536  3  8  5        7 36 54 8        6  6  4  7847  23 92        ",
"        3 73  1   54  3 7 935  8    7       8    7  651 5 4  87   2  13 9     5  ",
"        89    64528 2 3  9    6   81  5   6  67   2    2  4 8 97961    34 8      ",
"        9 82 1  3  19  35   5 6  3   7     8   4  7 6   64  92  4  2 75 5       6",
"       1   81  5 21  3   78 178  6             5  984 97   4  36 4  29   8     6 ",
"       5    3  4 16 9 1 7     5  8 2 5     6 3 7  1     3 2 9468 1  4    9       ",
"       7 3 68  9 12 1  3    8 7  6  7       8  5  4 9    4  3 94 2  91 559       ",
"       71 2 8  5   413  8  7 8 1  6           5  7 9 8  9  425   3  9 1 21       ",
"       9  2    3 69 5  3 7   7 1     52   46     5 8   6 4  7 37 9    2  8   2   ",
"      1    81  5 2 4 2  7    5 8   77       82   3 6    2  7 5 8 6  23 9  9      ",
"      1   2 3   585   1  2  57 8    9       7    3 86  3  2   619   4 8   8   9  ",
"      4 9  93  26 8    2375  78    6  2   5  5    18  2135    4 58  47 37 4      ",
"      5 898 1 3   1   6 2    6    8    3 4    7    9    1 9   2   4 2 312 8    6 ",
"      6 9  91   8 5 1 3    7    5 6 1       4 5 6    88   4 2 3 7   29  9 4      ",
"     1    65 3  9498    1  5  1    8  6   4  7    3  6  9    83 1  4 92    2     ",
"     1  438      2  68  35 5   4  83         87  2   6 45  36  2      186  2     ",
"     1 8 8    35 6  6   37   5 1   8 8     5 7   4 6   93   8  6 84    5 7 2   3 ",
"     1 9 4 9 6 2 11      3   7 4   3 5     6 6   2 8   1      22 4 3 7 6 6 2  9  ",
"     3 9   9   631 6 1  2    7 1 56           52 7 8    3  2 1 814 5 9   2 4     ",
"     319       7    61 43 8 7      3  52 86  4      8 5 73 28    3       824    9",
"     32  4 89    63 5 1      9    68   2 9   75    1  9   2 4 36    18 2  24     ",
"     36 5 762   9 4     1   5      7   3 1   2      6   7     9 4  2781 1 54     ",
"     3945 4 8  1   3  1  7      5   85     61   1      1  2  5   4  1 3 9834    6",
"     6  9 39 1  6  7  3 2   6   5   5       6   4   1   7 4  3  46 2 98 9  1     ",
"     6 4        837821 3  5   3    9  7   8  6    5   1  4 295752        7 9  2  ",
"     8    76   3 2  4 3 58  5   19    7   8    85   6  83 4 7  2 9   13    9   4 ",
"    1  3  29   1   5   67 9   4   5 5       6 6   7   3 65   2   7  481  1  2    ",
"    1 28  78 3 94    8    1 5 3  8  8       3  7  4 6 7    3    92 4 71  16 2  3 ",
"    1 4 29     3 8 82 3  7 5    68   6     4   74    6 9  4 52 4 3     78 1 2 6  ",
"    19  2  13    9      87 759 8                 5 768 26   4  3    49  9  72    ",
"    3    746  1  39     65  7   4 6   4   7   5 1   8  28  7  65  2  174    4    ",
"    3 17 3  1  2 6   2   83  5    3   75 48   2    6  24   3   6 8  2  4 53 4  6 ",
"    3 9  95   1  8  86   14  7 1   6 6     3 5   7 8  81   34  4  2   53  2 4 6  ",
"    613         929 83  1  76   3     5   6     4   18  3  49 552    8    921    ",
"   1     914  3    6   84 9 7   4    85   69    5   8 8 19   4   64  321     2   ",
"   1 3   1 7   5 8 29 8 1  8  5      75   6       4  9  1 9 87 9 4   2 6   4 2   ",
"   3    2 28 1 5  5     43 7     64    5 6    65     8 34     9  9 2 87 67   4   ",
"   3   6 7    15   19 4   2   8   5 5      86 4   5   4   5 62   32    7 9   4   ",
"   3  96   2 1   597 4     4  1  8    5   6    7  8  9 2   9 516   2 4   19  4   ",
"   8   7 26 3   85       64  7 1    58     36    3 8  75       632  4 58 4   3   ",
"  1    3    3 12 93  4  51 5 7  6    4     5    5  8 6 96  5  17 32 46   5    7  ",
"  1    6  8 3  4  6 2 1   97 5 3      3   9      9 6 83   2 8 6     4 2  2    5  ",
"  1  3 9 62 8    4  9   8 1     4 58         78 2     1 7   2  9    5 8726 4  9  ",
"  1 6 57   4 3     9   12  576  8               1  786  72   9     4 3   89 7 1 5",
"  2    3    3    2534  187  15  3 8           7 5  64  482  9632    4    97   5  ",
"  2   7  4   6  3   51 3  9    8  7  5    86  6  4    7  4 23   2  7   5  9   1  ",
"  2  1  5 9    28 5 43  9   5      3   7 8   4      6   3  45 9 68  3 1 9  2  6  ",
"  2  846 1   3     4  1 9  8 53     7       8     56 9  1 2  34    4   6 849  7  ",
"  2 9    68    3  45 1   2      4  1  5   6  9  7      1   2 37  7    16  8 1 5  ",
"  2 9 5  3  1  4   6      89756                   46876      5   7  2 39  1 7 8  ",
"  21 3    5 6  23 6     7 8 75       6 8 1         68 7 8     5 29  5 4    4 29  ",
"  23      8    971 6   18  85   6               7   65  52   4 148    9   6  41  ",
"  3 1 57 5 93   218       3  7  2    6     4    1  8  3       478   42 9 54 2 18 ",
"  31    4  53   266      8  5      3   9 8   4      6  4      286   47  9 7  28  ",
"  4  6    7    19 5   3 2      1 3 8 5     6 7 6        8 4   3 27    1    3  8  ",
"  4 3   9 2 61  4 7 1     8     2 8   5   6   7 9     4     8 3 6  27 5 58  4 2  ",
"  418 7   6  3   1 5      85      8   84 19   7      63      2 2   4  17  6 925  ",
"  5       9  8 1 47  13  9557          4 6          8635  42  81 4 7  5   9   4  ",
"  5      14  36 92  2  17         68   1 2   75         42  9  93 74  21      37 ",
"  5    27   3      12 9 53  97 1    5       6    7 85  84 5 79      4 6 75    4  ",
"  5  3  94 9   652   2          7 8 5       6 7 5          9 3 346   1 79  4  5  ",
"  53     1    69  84 1    3 7 5    6 6     9 5    1 8 7 3  2 49  29    8     47  ",
"  6         31     89   2 5 37  6    5     6    2  89 8 4   92     243        6  ",
"  6   3  8      49 4 31    5       8  38 75  7       6    24 8 31     92  2   7  ",
"  6  1 8 1   9 7 3     3 6 9   2   6  7   8  5   6   1 124     6 5 1   8 4 2  5  ",
"  6  3  5   16 7  19    2   7   8 5   5   6   6 2   8   2    74  7 52  66  4  9  ",
"  6 3  5   5 6 2   8   1  7  7  8  9 5     6 6  9  8  4  2   7   1 9     2  4 5  ",
"  6 3 9 8 5    7   28  1 4   4  6 8           7 3  2   9 2  53   2    6 5 3 4    ",
"  6 8  49   1  5 2  23  1      1    8 5   6 3    6      3  47  4 1  29  65  3 2  ",
"  63  7   52     88  1  5        65  7 5 3    25        3  2  75     29   1  48  ",
"  68 15 75      1  1 3       5 6  9  7     8  8  2 6       4 5 39      18 12 94  ",
"  7   8 1 1  4     581  4  7 5  9    4     9    7  6 8  3  274     9  3 6 1   5  ",
"  73     4 9     1  3  68 5     86  6       7  52     8 47  3  7     1 9    247  ",
"  761   41     59    3   2  7   2   5       6   9   8  1   4    49    757   294  ",
"  8    3  3 1  97  2 3    1 8       7 5   6 8    9  1 2    4 8  93  2 5  4    1  ",
"  8  1 2 1     7  46   3 5 6 59   8           7   56 4 8 4   73  4     991 2  8  ",
"  8  26 7 63    9 9  3    8   4  8  2       5  7  8   6    4  1 7    35 1 95  2 4",
"  8  6    56    1 7  3  96 675  1               4  681 67  4  5 2    73    12 8  ",
"  81   7    8  13  9   36  5   6  8           7  4   6  74   6  69  5    5   29 3",
"  83  7    2       45 1  9 7  6  2   5     6   6  3  8 8  2 91  9    5    7  48  ",
"  9  1 8      36  8 1 2 3          67 2   5 85    4     3 5 1 2  74      8 2  9  ",
"  9  3  6 2  1  97      41 6 5 7    7       8    3 6 2 17      39  2  612  4  7  ",
"  9  3  72   1 6   85    1    8  1 67       85 8  6    7    92   3 2 5 48  4  7  ",
"  9  6  435    8    6  3 9 7    9    6     5    2  6 8 3 4  7    7    134  5  2  ",
"  913    86     2   76   146  5    8 5     6 7    4  514   57   7     433   426  ",
"  93  74 1      3   7 6   1     56   7     8   54     5   1 9   9      3 382 45  ",
"  94   6 6  1   2 25  3 7   4  7  8   5       7  6  9   8 4  36 9   2  4 6   98  ",
" 1      9   1  6 7968  3 2  5    3  7  2 6  8  4    6  2 4  9833 9  2   4  3   1 ",
" 1   329   9  4   3  1  7 5     5 36         54 2     6 5  2  74  3  9   984   1 ",
" 1   34 78    6 1   7   9    5     8 6 5 1 9 7     6  5 9   8   2 9    41 34   6 ",
" 1  9   7 5   13  8 23   5   5      7  6 3  8      6   8   41 2  32   8 4   1  7 ",
" 1 3   5  34      7 8 61    6  9  8   5   6   7  8  1    21 5 3  2   87  9   4 6 ",
" 1 3  7  2      6 7 6  1 98  1  2 86         57 6  3  14 2  6   2      9  9  4 7 ",
" 19   6  8       9    1  57 5    4  7  2 5  8  3    6 38  2    5   4   3  4   57 ",
" 2            62 8 98 137   56 3  8           7  9 16   142 63 9 71  8         7 ",
" 2     83 8  1  7 6 73    97      4    6 7    3      82    45 6 63 2  9 94     3 ",
" 2    7 87      9   93 1 5   7 2  6 3       4 5  3 8  87 2 49   6      79 2    8 ",
" 2   185 98      36 5 3         628 5       6 7 8         4 3 84      25 312   4 ",
" 2   3675  7        61   29 1 2    67       85    1 4 64   28        9  3914   57",
" 2 1 6 4   5     76    39       58 6         5 73       64    58     73  1 5 2 6 ",
" 2 3   7   1   4    3 1 2   576     1       7     986   5 2 6    4   7   7   4 89",
" 2 3  8  4 5     38  1   74 53    8           7   946 31   2  82     7 9  7  4 3 ",
" 23   1 9  6 1   51  3  78 5  2  8             7  5  6  5  4  76   2 5  8 2   93 ",
" 29  3   5   1  34  1   5        68   86 54   75        2   8  89  2   11  4  97 ",
" 3  6 91 8    3          23 7   4  66       95  1   8 24    5     4    8 68 9  3 ",
" 3 81  25  6 3  9   8   3  5    4    7     8    1    6  4   8  79  4 1  81  27 3 ",
" 36   49 2    3     821  7  25  9   7       8   3  65  7  251    14    7 82   53 ",
" 37      1 48 35    9 1     7 9      5    16      6 8     2 4    64 17 3      85 ",
" 4   91  8   3    3  1  94       5 6   3 6   5 9       34  2  8    4   1  25  79 ",
" 4  3   96 9   7       15 45    6  8 3     4 7  1    68 32  4    2   8 39   4  2 ",
" 4  3 19 9  6      31    2  57  2   6       5   9  86       97      5  3 23 4  5 ",
" 4  6 1   5 1   931     5     9  638         765  4     4     957   2 4   8 3  15",
" 4 2   5  791   43       1  25        73 98        67  5       49   236  63  7 9 ",
" 421  9         2 9   8   78  7      57   86      6  36   3   8 2    1    1  243 ",
" 43      2  1 3   6    8 34 5 9    7  7   8  8    7 6 51 7    6   4 2  1      59 ",
" 43      2 8  37  7   1   81   5 8 6         5 7 8   38   2   5  54  9 1 9    38 ",
" 5  6   8       62   1 395 5 7 8     6     3     7 8 6 354 2   84       9   3 42 ",
" 5 3    14  1   633 1   52   5     8 8 6 7 3 7     6   29   4 66    2  55    4 9 ",
" 51  9   2   1   6     34    5   8  9  7 2  1  7   6    34     4       7   1  98 ",
" 543  6  7 91 6           4  79   5           6   18  9           5 2489  5  423 ",
" 56 3  9  48     79     6    76   1 5       6 6   28    92    13     57  1  4 96 ",
" 6      18    365 97 1    47   8   3 5       6   1   85    2 16 824    73      8 ",
" 6    7  8 1     2 3 1 9 6 9   1     75   68     5   3 8 3 2 9 3     2 6  6 4  3 ",
" 6   2  8 9  1   58     29      1 8 52     36 7 5      52     93   2  5 6  34  2 ",
" 6   3  942  81 5 3      2      5   85     67   7      7      2 3 27  842  4  17 ",
" 6   8 7  7   192 2   3  6         8 85   61 7         5  4   2 192  48  2 1   9 ",
" 6   9  55 7  341    1   629  7    8  5   6  7    1  365   2    714  9 64  3   2 ",
" 6  2 9 7     3 6  7    5  5 2  9  8         7  5  1 6  4    3  2 4   9 6 9 1  8 ",
" 6 1 3  2 75    18      6    35    6  7   8  5    14    4      79    58 1  4 2 9 ",
" 6 3  4  9 5  1  7       28  45      57   86      32  89       4  2  7 9  6  4 1 ",
" 7   1  39     75  4 3     7 6 1    5       6    6 1 8     4 8  98   2 53  2   6 ",
" 8   1 49  4     2  7 3 8   7 8   6           5   6 8   9 4 1  7     32 84 2   5 ",
" 8   3         12  75  26 3    9 76           52 4    9 87  41  43         4   97",
" 8   3 4 5   1     97   3 8 7   8     1   7     6   8 3 9   21     2 8 4 6 4   9 ",
" 8   39 2  21   4 5   2  83 5    8     2 7     7    6 31  7   4 7   239 9 54   7 ",
" 8 6  75     1 4  1 3     6     89  75     68  62     3     1 7  8 2     17  9 2 ",
" 853   1 2 4     7    1     5     8 3  5 8  4 7     6     2    1 2   9 8 6   473 ",
" 87       5 1 4  99    3 6  7      6 4 9 7 3 5      8  6 4    21  3 2 7       91 ",
" 9     8    32   48     3 2   9   167       852   7   4 52    79   14    3     2 ",
" 9   3 78 4 12 9  2       6    5 3   7     8   2 1    7       4  9 3281 18 4   2 ",
" 9  1   65   3 1  1    6 25  5  4   76     58   8  6  27 5    1  1 4   9    2  8 ",
" 9  3      7    8 4 3  17 6    8   5  5   6  1   9    6 12  4 9 7    3   5  4  1 ",
" 9 3   2  38     76    1   7    23   5     6   65    8  32    42     19  8   4 5 ",
" 9 3  8 4  52    9 68 1  2 7  5    6 2     5 5    3  8 4  2 56 1    54  6 2  4 81",
" 9 6  38   6   4 171 3      6    8     2 3     7    9      4 281 2   9   84  9 7 ",
" 971 352 1          8 4    5    7 8   4   9   7 2    63   9 7          1 154 263 ",
"1     4   9 4 1 8 67  3 1     9   7   5   6   4   2     7 4  32 8 2 7 6   6   8 7",
"1   36   3 4  17    2     6  5      7 64 25 8      6  2     8    82  4 7  754   1",
"1  6  2 54 5 1  3  2 3    1     3    7     8    2     5    4    6  2 9 33 2  5  7",
"1 23      9   1 625       3 7   6 4   5   6   3 5   8 9     3 476 2   1      47 6",
"1 7   9 5 65  1 7 9         1      8 5 9 4 6 7      3         3 4 2  5  3 2   8 7",
"1 8   69    3      65  12         86  37 24  57         42  93 8    4    91   8 4",
"1 83    77     3   6 8  14  5 1       7   8       8 6  32  1 9   4 2   85    46 2",
"1 93   568  1   7  5      3 852     7       8     962 5      3  78  2  121   49 5",
"12  3  7          345  18 2  4 5   8 5     6 7   1 5  5 32  914         96  4  25",
"16     73 4  1      53  84 57  4      4   9      5  86 51  42      2  3 23   9 64",
"2       7 671 8    8  3  9 75         86 53         68 3  4  8    3 214 4 1     9",
"2       9  41   6  98 3 4    7  1  5  5   6  3  5  8    1 4 79  7   23  6 3     1",
"2      3  9  13  6 8   95          1 57   86 9          91   8 8  42  7 37      2",
"2     3    6  3 2     1 7 8 5 6    2  7   8  3    7 6 9 8 2     7 4  2    4    95",
"2   1     39 6 7 2  6    5       86 6  1 4  5 57       6    1  7 8 5 94     2  78",
"2   1     6 4   5939    6    7  4   5       6   2  8    3    8165   3 7 7   2   3",
"2   1   3 8    54      3 7 15  7   8         7   8  65 2 4      17    8 39  2   7",
"2  1 4       3 56  31        56   3   7   8   4   96        29  72 4    1  3 2  8",
"2  3    6 73  8   46      97 8 1     5     6     7 1 86      14   1  92 8  2 4  3",
"2  3 1           5 98  67 17     6   6 8 3 1   5     86 41  89 5       6   2 4  7",
"2 6 3   1 4 6  2       1  6     3  775     686  7     5  2  4    1  7 5 3   4 7 9",
"2 71  9  83   9 42            3  5  75     68  9  8             1 5   26  4  23 5",
"27       4 63    9  9  14  9 5   8     5 3     7   6 2  82  5  7    49 11      28",
"28  1  64   3           8 57   4   6 3     7 5   6   81 2           49  49  2  83",
"29  3     6     81  7  15 235   6               1   659  2  3  83     7     4  19",
"3      989  1   3  863      5   18   2     4   75   6      465  3   2  746     89",
"3    4 96  9  17 4    3 2    4    6   7   8   5 8  3    6 4    8 32  6  79 3    8",
"3    9 7       1 87841  2  9      6   79 58   5      7  6  27151 2       387    6",
"3  1  4   4    92     3  8  5 8  2  7       8  9  1 6  6  4     27   59   8  2  7",
"3 7   2    238 5   5   1 6     3  1 7       8 8  9 6   3 2   5   9 148    6   7 9",
"37   1     16   5 2    3 17  7 2    5       6    6 8  15 4    8 9   57     2   41",
"39 1   74   39   51         7       9 57 86 3       8         18   34  673   2 58",
"4      69     17  5 7 9 1   7    6  9  8 3  7  5    8   3 7 5 6  92     65  4   1",
"4    327   31    485  4         6 8 5       6 7 2         3  416    29   9 4    7",
"4   1 6       3 4 3  8   15     5 815       687 9     75   1  8 2 4       3 2 1 9",
"4   6   2  5           391  5   7 8   6   5   7 9   6  214           3  8   5  74",
"4  9    8 6  1 4  5 9   3 6 7       9  5 4  3       8 7 4   8 1 51 2  3 8    3  7",
"42  83  95    1     3    8  8 7   6 7       8 5   2 7  9    6   4 2    58  47  91",
"426 1  7 5 1 9 2 4 8               8  52 36  7               4 2 4 5 8 381  2 965",
"48  6 3 7     185 7    3 2  7 6    9         6    4 8  2 4    59452     8 7 9  62",
"49      2   3  5   6 1   9817     6    5 1          8361   2 5   5  4   3      71",
"5      16  83   59   1  8   7     6   15 32   5     8   5  2   18   462 76      5",
"5    3     8 2  9  96    1 7 5 1   3         2   7 6 8 1    46  2  3 5    94    1",
"5    392  24   1      1   6 1 7  68           75  1 3 1   2      9   86  364  5 1",
"5  8  1      3  927 2  1  3 5     8 8  3 2  5 7     6 6  2  5 112  4  3   7  5  6",
"6       4 4 3     3  1  87   5  6   76     18   9  6   17  2  5     4 2 5       1",
"6     1   5   38 7  71  9      2   8  3   5  7   1      4  27  9 84   6   6    19",
"6  3    5     1  928    43   35   6 7       8 5   71   67    421  2  5  8    4  6",
"6  3  2  5 4   8    31       5 6  82         37  9 6       25    8   4 12 6  4  7",
"6  3  9 7 84   6  5       8 5   92   7     8   35   6 1       4  92  17 7 5  4  6",
"6 73  4 8      12  8 1    7      26    8 3    56      3    2 5  95        8  43 1",
"62  31 7  1   62 4             8 7   75   68   6 1     6       3 97   4  8 24  69",
"64   19   1   3  2  3 8 6  75 9                   5 68  4 1 2 91  4   5   92   16",
"7   3 84 4      21 8   15         82  51  6  67         72   6 94      5 16 4   8",
"7   4  9 8 6  1    913  8         6   45 71   5         3  421    2  5 6 27 1   9",
"7  3  4 99  12  68      5        8  5 28 71 6  7        9      45  12  71 6  49 5",
"7 6 8 1   1  3  27 5    6  58   2     7   8     4   1   5    6 39  4  5   2 1 7 3",
"8    1  471     83  3   1  15  3      7   8      2  69  6   4  48     769  2 4  8",
"8   3   7   1    343   95    58   3           9   46    83   2996   2   7   4   1",
"8  1    2   3   7  97   3 6 7   36    6   2    57   8 9 2   85  6   4   74   2  3",
"8 5  64    61   7 3       8 6  3 8  5       6  7 2  5 2      81 9   23    15  2 7",
"8 7 3  464       76    489 75  8  1           4  9  68 721    43       118  4 672",
"8 9  1 7  35         3  29 3   5      7   8   5  6   2 63  4         48  1 2  7 6",
"85   32    31   9   7     3 7   89  5       6  45   8 6     1  43   28    84   35",
"85  3 7     1  36 3      455   9 8   6     7   7 2   692      7 45  26    3 4  59",
"9       5  4  3  25  21 9   7   46 9         2 53   8   6 29  43  4  7  41      6",
"9     87  7 6  3 2  21   6  6  1   8  5   6  7   2  9  3   29  5 7  9 4  894    5",
"9    1  6 76 3  4 43         7  6 9   5   6   4 1  8         61 1  4 38 8  2 9  5",
"9   12    87    5   63   945  2  98           72  3  679   41   2    86   192   7",
"9   3     6   41  8    136 5    79    7   8    45    6 592    4  89   3 2   4   9",
"9   321   1     39     1578 57         1 6         86 54 2     79     5   694   1",
"9   6      4  319  5  1  6 6 7        52 86        8 5 7  2  1  164  5   9  5   3",
"9  1       6 3  51 81   2   4   78  5       6  76   2   2   14 86  4 93      2  8",
"9 16   8   63  1  5    19  65   2     7   8     9   65  32    8  5  42  27   56 4",
"9 8   1 5  4   79  7 2   3  57       2 1 3 7       86  9   7 8  81 4 9  5 2   3 7",
"9 8  1     5    9  6 3  1   4  3   67       85   2  3 3 7  4 5  1    6     2  3 1",
"921    5  4  1      52 34    7 4 1 6         5 2 6 8     4 19      2  1  1    682",
"94 1       2 3  9 5     41 4 7  5     5   6     4  8 3 71     4 5 34 2       2 65",
